equilater3D50_T=1.0
80
1 1 1 1 1 1 1 1 1 1 1 1 1 1 1 1 1 1 1 1 1 1 1 1 1 1 1 1 1 1 1 1 1 1 1 1 1 1 1 1 1 1 1 1 1 1 1 1 1 1 1 1 1 1 1 1 1 1 1 1 1 1 1 1 1 1 1 1 1 1 1 1 1 1 1 1 1 1 1 1
11.4 9.0 9.0
12.5224620483 9.0 9.0
13.6449240966 9.0 9.0
14.7673861449 9.0 9.0
15.8898481932 9.0 9.0
11.4 10.9441612972 9.0
12.5224620483 10.9441612972 9.0
13.6449240966 10.9441612972 9.0
14.7673861449 10.9441612972 9.0
15.8898481932 10.9441612972 9.0
11.9612310242 9.97208064862 9.0
13.0836930725 9.97208064862 9.0
14.2061551208 9.97208064862 9.0
15.3286171691 9.97208064862 9.0
16.4510792174 9.97208064862 9.0
11.9612310242 11.9162419459 9.0
13.0836930725 11.9162419459 9.0
14.2061551208 11.9162419459 9.0
15.3286171691 11.9162419459 9.0
16.4510792174 11.9162419459 9.0
11.4 9.0 10.8329728493
12.5224620483 9.0 10.8329728493
13.6449240966 9.0 10.8329728493
14.7673861449 9.0 10.8329728493
15.8898481932 9.0 10.8329728493
11.4 10.9441612972 10.8329728493
12.5224620483 10.9441612972 10.8329728493
13.6449240966 10.9441612972 10.8329728493
14.7673861449 10.9441612972 10.8329728493
15.8898481932 10.9441612972 10.8329728493
11.9612310242 9.97208064862 10.8329728493
13.0836930725 9.97208064862 10.8329728493
14.2061551208 9.97208064862 10.8329728493
15.3286171691 9.97208064862 10.8329728493
16.4510792174 9.97208064862 10.8329728493
11.9612310242 11.9162419459 10.8329728493
13.0836930725 11.9162419459 10.8329728493
14.2061551208 11.9162419459 10.8329728493
15.3286171691 11.9162419459 10.8329728493
16.4510792174 11.9162419459 10.8329728493
11.9612310242 9.32402688287 9.91648642467
13.0836930725 9.32402688287 9.91648642467
14.2061551208 9.32402688287 9.91648642467
15.3286171691 9.32402688287 9.91648642467
16.4510792174 9.32402688287 9.91648642467
11.9612310242 11.2681881801 9.91648642467
13.0836930725 11.2681881801 9.91648642467
14.2061551208 11.2681881801 9.91648642467
15.3286171691 11.2681881801 9.91648642467
16.4510792174 11.2681881801 9.91648642467
12.5224620483 10.2961075315 9.91648642467
13.6449240966 10.2961075315 9.91648642467
14.7673861449 10.2961075315 9.91648642467
15.8898481932 10.2961075315 9.91648642467
17.0123102415 10.2961075315 9.91648642467
12.5224620483 12.2402688287 9.91648642467
13.6449240966 12.2402688287 9.91648642467
14.7673861449 12.2402688287 9.91648642467
15.8898481932 12.2402688287 9.91648642467
17.0123102415 12.2402688287 9.91648642467
11.9612310242 9.32402688287 11.749459274
13.0836930725 9.32402688287 11.749459274
14.2061551208 9.32402688287 11.749459274
15.3286171691 9.32402688287 11.749459274
16.4510792174 9.32402688287 11.749459274
11.9612310242 11.2681881801 11.749459274
13.0836930725 11.2681881801 11.749459274
14.2061551208 11.2681881801 11.749459274
15.3286171691 11.2681881801 11.749459274
16.4510792174 11.2681881801 11.749459274
12.5224620483 10.2961075315 11.749459274
13.6449240966 10.2961075315 11.749459274
14.7673861449 10.2961075315 11.749459274
15.8898481932 10.2961075315 11.749459274
17.0123102415 10.2961075315 11.749459274
12.5224620483 12.2402688287 11.749459274
13.6449240966 12.2402688287 11.749459274
14.7673861449 12.2402688287 11.749459274
15.8898481932 12.2402688287 11.749459274
17.0123102415 12.2402688287 11.749459274
-0.267156148834 0.741860113387 -0.591823454839
0.862174889844 0.582727429862 -1.57517587719
0.732452531874 -0.0182384970249 0.628648957015
-0.848060035039 -1.56598107504 -0.0258517060362
0.225564930849 0.306757090456 0.520536192494
-0.811213739628 1.72741956499 -0.192483754635
-0.130195093464 -1.2733168404 -0.332513528241
-0.00628415249093 1.93109924115 0.307338796788
1.18629195319 0.78152451113 -1.19068828533
-0.457671822881 0.455899675235 1.93551571489
-0.4833798713 -0.441360581392 -0.105826977478
0.989976223908 -1.21461607488 -0.883355058551
1.54153639004 -0.56632195015 -0.338310404912
-1.82375760459 -0.48524999929 0.547993031766
0.772504159115 0.470711000151 2.12197592929
-0.163242061471 0.685102099043 -1.00197502762
1.07947825251 0.00734499335548 -0.458397021016
-0.625558124243 -1.34465515284 -1.83102206558
0.341824396184 -1.06334944023 -1.42772793673
0.543132873305 0.654513378936 -1.41299106938
-0.191410289905 0.361694762865 -1.49000419825
0.300904093061 -0.959391117165 -0.798433788263
-0.194753777294 -2.11851874182 2.74817737197
-0.26679269887 1.38143487994 -0.521915023907
0.637117741907 0.642089694291 0.346434611399
0.928683151498 0.290416934056 1.12618464287
0.541799159133 0.372561471061 -0.452072202244
2.09974027045 1.64811077957 -0.654521791154
0.412805317857 -0.718075698741 -0.772216927442
0.476658008813 0.832699569598 -1.00626751906
-0.797245933037 -0.547518917584 0.0955556247622
-0.243725188865 -0.4206934687 0.82053083137
-0.143598477622 -0.776948585882 0.318667852217
-0.850977073505 -1.4206514639 -0.534127772708
0.903564169205 0.861982183768 -0.0240629703465
-1.38848806377 -1.26235384897 0.869588038149
0.261454169337 0.665140129311 1.45113134022
-1.55060119977 0.501308896835 1.31359802244
-0.344782821754 -0.449424091335 -0.124583816943
0.301333699454 0.555183488317 0.565793583992
-1.09587719598 0.811047937035 1.62422871831
0.482450405127 -1.46881857065 0.299355906588
-1.0196949009 1.15779319726 -1.16521306375
0.38288191894 -1.53355228413 1.05136465083
1.11843856813 -0.081479093349 0.0559606657785
-2.57980737068 -0.25150968682 1.09113412847
-0.643957861893 -2.42209981139 -0.700404839933
-0.0438286221305 -1.04517899579 0.320556682923
-1.23935035209 0.345898118257 -0.374894726971
-1.23969821291 0.29933726989 0.120071273264
0.131635989885 0.554685153254 0.18147405944
0.888401916217 -1.46346170029 -0.691023873677
0.211334537008 -0.0803403850183 -1.34333249766
0.191986905898 0.151656463253 0.494318454252
-0.771823182943 1.11160700892 0.450555579467
-2.52443743394 1.68896829846 2.88744917279
-2.24615537528 0.593075093976 1.33458975164
1.067338076 0.837255543416 1.18363024229
-1.37801289544 -0.106700239794 0.137764418242
-0.476725738326 -0.480086463668 -0.21314780611
0.958626175889 0.498791953405 0.845484247743
0.206187459883 -0.6201981792 1.86780580487
0.287869610294 -0.165184340378 0.389393960181
-0.158901657182 0.139061429491 -0.209818243182
1.88433893823 -0.067849603977 1.47534006483
0.462524624698 1.8804091918 -0.19241970547
0.891301403833 -0.587807298611 -0.645235494152
0.382621234014 0.197565798207 0.524281296526
1.25290597273 -1.48819757938 -0.62771911352
-0.224773966968 1.25630742101 -0.126103052819
-0.69130870404 0.988632623647 0.10027256333
-0.0670668331219 -0.866792400246 -1.261147407
1.11393449343 -0.57157674162 -0.912876372673
0.277936352002 0.24443962783 1.33474211849
-0.599344484744 0.274781431164 -0.906946826607
-1.50089437492 -1.9812814378 -1.30482737712
0.504002889154 0.190289646378 0.102460565121
1.52550318128 0.61606214876 -1.97137535338
-0.655583448792 0.363035984312 -1.00869771613
-0.598924542971 -0.410579516453 -2.65910441192
