100_2D
100
1.0 1.0 1.0 1.0 1.0 1.0 1.0 1.0 1.0 1.0 1.0 1.0 1.0 1.0 1.0 1.0 1.0 1.0 1.0 1.0 1.0 1.0 1.0 1.0 1.0 1.0 1.0 1.0 1.0 1.0 1.0 1.0 1.0 1.0 1.0 1.0 1.0 1.0 1.0 1.0 1.0 1.0 1.0 1.0 1.0 1.0 1.0 1.0 1.0 1.0 1.0 1.0 1.0 1.0 1.0 1.0 1.0 1.0 1.0 1.0 1.0 1.0 1.0 1.0 1.0 1.0 1.0 1.0 1.0 1.0 1.0 1.0 1.0 1.0 1.0 1.0 1.0 1.0 1.0 1.0 1.0 1.0 1.0 1.0 1.0 1.0 1.0 1.0 1.0 1.0 1.0 1.0 1.0 1.0 1.0 1.0 1.0 1.0 1.0 1.0
9.24865251626 0.190999071008 0.0
9.48605777993 6.10997905455 0.0
8.92433344049 1.39151699336 0.0
0.835506768307 7.31890047301 0.0
5.92027226886 4.6887563092 0.0
4.23747408235 7.09064165466 0.0
5.30088010118 5.69791382513 0.0
1.30302941247 7.70707063731 0.0
1.91997157539 8.21628019535 0.0
4.44573573873 6.02903528212 0.0
2.21039173157 5.91398061085 0.0
4.55032958848 3.26859116773 0.0
0.247669674896 1.34090023864 0.0
0.857740862763 0.924890872839 0.0
7.10008200245 8.56943839895 0.0
4.21248361614 2.06089563422 0.0
5.12633924392 4.26564440072 0.0
7.34209078783 3.16750226598 0.0
3.58996359786 6.19639547337 0.0
0.575545296492 5.33346389137 0.0
7.83102356161 8.59039648911 0.0
5.89123482772 4.36041374977 0.0
6.579127101 3.61905675617 0.0
6.20991455138 6.51218058314 0.0
9.70735227579 7.44802568562 0.0
3.62792518478 9.25465045432 0.0
7.59786612244 3.1183064324 0.0
3.68683814768 8.86476611046 0.0
5.72046781192 9.8143363711 0.0
6.6053210925 9.82373585092 0.0
3.14391110636 1.29195230876 0.0
0.857361243239 3.80111709103 0.0
4.74066422713 7.73989582884 0.0
7.17914003753 8.31025324182 0.0
5.90609697934 0.39515633073 0.0
4.47451559273 3.95064878093 0.0
6.4237846556 7.24155926782 0.0
1.82029215984 7.58279015502 0.0
1.78539950651 5.35091788782 0.0
3.23412348877 2.10554006069 0.0
8.15873492659 4.06807761063 0.0
1.95607852804 0.585450309565 0.0
1.14301205295 3.15682111203 0.0
0.986041979949 4.27368651871 0.0
0.389331696034 8.22939948442 0.0
2.755644615 5.89334636413 0.0
5.72821894888 4.14365696658 0.0
8.20663180873 2.45933130049 0.0
3.30804847993 3.1527863469 0.0
3.69653932006 6.70750538232 0.0
2.88484324084 4.4545856728 0.0
3.04787433852 1.73123750082 0.0
7.77582499793 8.21732501442 0.0
5.48993469911 5.75615245836 0.0
2.58418523889 9.67519164207 0.0
1.07127231506 5.36384931941 0.0
7.83809066708 6.23067897791 0.0
7.07143454217 4.27648110791 0.0
8.28565325536 6.08283498747 0.0
2.38026397886 9.18834525646 0.0
5.45479023028 9.8129007362 0.0
9.18743176351 6.60954421559 0.0
5.92695736143 4.30239319661 0.0
9.4546644675 0.626806501776 0.0
1.67259756098 8.40198673331 0.0
9.75006468846 3.91421516516 0.0
0.559198083792 3.82447743823 0.0
4.16223320316 0.571135337433 0.0
0.233628016902 0.341284753482 0.0
8.09563265932 3.90536392855 0.0
6.87205359435 9.7472954499 0.0
9.73735647069 7.40575780509 0.0
8.04963735793 7.08804808411 0.0
9.48828116483 6.68446145012 0.0
5.38596123044 2.72873161131 0.0
9.88217565753 1.68653913912 0.0
7.49014363384 6.02353438615 0.0
3.46142552912 0.635614749134 0.0
9.74391153367 5.88076552835 0.0
3.76999158342 5.14479513945 0.0
1.93313889481 5.42498318485 0.0
0.758770723963 1.21334865152 0.0
4.65957802149 0.675995083414 0.0
1.96644907854 4.73232572425 0.0
9.33578129552 1.45574942075 0.0
9.50453685937 6.41454739859 0.0
2.15951108125 3.09535981099 0.0
1.03503454896 6.20644204451 0.0
5.28969985615 7.5021038592 0.0
1.69679944892 6.06436574523 0.0
5.43648336515 5.31583217126 0.0
8.12842758288 1.97321436196 0.0
2.53062353283 3.4718910443 0.0
4.21751604713 9.77948034645 0.0
9.00870010345 2.68569221375 0.0
4.44692527964 2.84328203129 0.0
3.42776221459 4.93284060897 0.0
8.92328868914 5.4595393641 0.0
8.13755945601 7.907443832 0.0
8.95181660481 2.95243146555 0.0
1.12646604227 9.25655614421 0.0
-0.524266761411 -9.5554652482 0.0
1.15813766244 5.80725053978 0.0
1.97891771336 1.39457908087 0.0
0.837072897512 8.02328818471 0.0
-1.56945492868 -6.93869321595 0.0
-1.2284809459 3.78439959596 0.0
-0.542301522247 8.94425647552 0.0
1.62999396892 3.34111793736 0.0
0.342543778261 -7.75225912086 0.0
0.299624966898 8.41870759584 0.0
1.95924560509 9.39274687329 0.0
-2.3493223775 -7.78391943048 0.0
0.787431261206 6.5453634534 0.0
-1.00498616852 -8.41342630546 0.0
0.356131273303 -8.37414771885 0.0
2.0120967968 5.90749279168 0.0
-1.50988665974 4.39832098437 0.0
2.70910820338 9.14374380357 0.0
-2.52854761461 2.63857827116 0.0
0.37212769785 0.233960489084 0.0
0.250889500095 -4.55862961045 0.0
-1.58951645105 1.4571089181 0.0
0.365089280499 9.84916219639 0.0
-0.175638163111 2.93331131441 0.0
-0.302430287526 7.51089869737 0.0
1.31028115476 -6.05103642933 0.0
-2.97634808698 4.69933474957 0.0
-0.736938937441 4.63552529771 0.0
1.71360571488 -8.58290766821 0.0
-2.14881993461 6.40398891742 0.0
2.2043446184 -6.47857742974 0.0
-1.77845639913 -5.65315984358 0.0
1.08676292137 -8.77575133198 0.0
-1.96100741679 3.25340358877 0.0
-0.304056029953 -7.15404908955 0.0
-0.464698570012 9.51395763852 0.0
-2.50920164198 -9.99918392299 0.0
1.19763995456 6.1898054758 0.0
-0.118950399875 5.18334985459 0.0
1.13405768538 1.38599928593 0.0
0.234800207039 1.43961316664 0.0
0.335225038721 5.95956505027 0.0
0.156760165055 2.72724628715 0.0
-1.2132327736 -7.21257520533 0.0
2.39252096387 5.93692764848 0.0
-2.48165634752 -2.92243277342 0.0
2.25969668011 1.67533486195 0.0
2.18078442917 0.248693012854 0.0
-0.0131610910291 8.08069914217 0.0
1.66168937167 -1.71278580898 0.0
1.04020006017 7.06839494357 0.0
0.630441311532 -8.36387955301 0.0
-1.25023995275 -3.47662563829 0.0
-1.08210681048 3.41148655386 0.0
-0.903718971994 2.23896027125 0.0
-1.18696947662 6.64638238645 0.0
2.75821615443 -5.84179068995 0.0
-0.952338151912 6.08384368438 0.0
-0.674698678726 5.91240646168 0.0
-0.482643266609 -7.14149472751 0.0
1.89896355575 -7.2034113377 0.0
-0.133447240774 1.6657486065 0.0
0.322513992342 9.5124548839 0.0
-1.46710813617 2.27462602236 0.0
-1.33158057819 -1.44093353269 0.0
-2.46547198069 0.13732525657 0.0
-1.69644794345 6.19100960662 0.0
-1.41667109781 0.445736002474 0.0
2.11362375973 0.735182113522 0.0
0.0148194002085 1.86568850288 0.0
-2.33766511289 8.64190308634 0.0
-0.223662972907 6.00795525405 0.0
-2.27442400407 6.78296060327 0.0
0.396161367134 -4.67590098726 0.0
-0.347195729274 2.00296701475 0.0
2.14970630573 6.46172040467 0.0
-1.44436156231 4.36313358067 0.0
2.10517207286 9.03632683117 0.0
-1.51438451875 8.30422159328 0.0
2.89568408864 -7.44743181539 0.0
0.805077350266 0.164031152466 0.0
-2.7439222452 -2.84476905105 0.0
1.84305453656 -5.89727436339 0.0
-1.34612049757 0.0160000292014 0.0
-0.826526437763 9.67199583865 0.0
-2.12049867412 5.36545169537 0.0
2.02460632235 -8.01734973324 0.0
-2.45775603442 -5.04539860075 0.0
1.42959936749 -2.60679921047 0.0
-0.625649454705 7.70299008863 0.0
1.07665471857 -0.810053316192 0.0
-1.2416046119 -6.80957100411 0.0
-2.53033998796 1.00391697782 0.0
2.49101962282 -5.05547533403 0.0
0.928510380015 -9.23323011938 0.0
-1.98190475817 1.85335397321 0.0
2.85715073885 9.81723354701 0.0
2.47090645488 5.51832543765 0.0
-1.9043862379 4.72408382061 0.0
