50_3D
50
1.0 1.0 1.0 1.0 1.0 1.0 1.0 1.0 1.0 1.0 1.0 1.0 1.0 1.0 1.0 1.0 1.0 1.0 1.0 1.0 1.0 1.0 1.0 1.0 1.0 1.0 1.0 1.0 1.0 1.0 1.0 1.0 1.0 1.0 1.0 1.0 1.0 1.0 1.0 1.0 1.0 1.0 1.0 1.0 1.0 1.0 1.0 1.0 1.0 1.0
9.24865251626 6.87744340379 0.190999071008
9.48605777993 4.12622206431 6.10997905455
8.92433344049 6.9302294374 1.39151699336
0.835506768307 8.29819618893 7.31890047301
5.92027226886 6.39512149585 4.6887563092
4.23747408235 2.38424178554 7.09064165466
5.30088010118 2.95253175684 5.69791382513
1.30302941247 4.09616412959 7.70707063731
1.91997157539 7.71665661487 8.21628019535
4.44573573873 5.5709062971 6.02903528212
2.21039173157 5.49937494483 5.91398061085
4.55032958848 8.26540934182 3.26859116773
0.247669674896 1.08446270416 1.34090023864
0.857740862763 6.31238543534 0.924890872839
7.10008200245 3.32502305246 8.56943839895
4.21248361614 5.59355212217 2.06089563422
5.12633924392 8.35349466134 4.26564440072
7.34209078783 2.48352223376 3.16750226598
3.58996359786 9.51518033897 6.19639547337
0.575545296492 0.785753975651 5.33346389137
7.83102356161 5.62021282975 8.59039648911
5.89123482772 5.41814916683 4.36041374977
6.579127101 2.35080591492 3.61905675617
6.20991455138 5.60848213416 6.51218058314
9.70735227579 4.70726972815 7.44802568562
3.62792518478 4.49594952079 9.25465045432
7.59786612244 7.1838019246 3.1183064324
3.68683814768 0.039419855041 8.86476611046
5.72046781192 3.7717684376 9.8143363711
6.6053210925 7.85600952481 9.82373585092
3.14391110636 1.41863344231 1.29195230876
0.857361243239 8.67390769733 3.80111709103
4.74066422713 2.03590600145 7.73989582884
7.17914003753 6.81127153562 8.31025324182
5.90609697934 1.73165430536 0.39515633073
4.47451559273 4.49323995008 3.95064878093
6.4237846556 4.22550238331 7.24155926782
1.82029215984 0.81799726337 7.58279015502
1.78539950651 6.99606659094 5.35091788782
3.23412348877 4.80174933354 2.10554006069
8.15873492659 6.89009614229 4.06807761063
1.95607852804 5.3913336784 0.585450309565
1.14301205295 5.55870839787 3.15682111203
0.986041979949 5.26126694176 4.27368651871
0.389331696034 2.97794537734 8.22939948442
2.755644615 8.98753493979 5.89334636413
5.72821894888 0.863906087465 4.14365696658
8.20663180873 8.76616113351 2.45933130049
3.30804847993 8.63464071528 3.1527863469
3.69653932006 4.97806484828 6.70750538232
-1.2690940555 1.66168937167 -0.327248596319
-1.17127539689 1.04020006017 -1.96125749951
1.66549499876 0.630441311532 1.93039500865
0.293960819466 -1.25023995275 0.453691475015
-1.44948885666 -1.08210681048 2.80511498524
-2.35723661096 -0.903718971994 0.218309591646
1.70285440025 -1.18696947662 0.738407386748
1.2428607253 2.75821615443 -0.434111335257
1.97139195322 -0.952338151912 0.649700992481
-1.57184161268 -0.674698678726 2.51300715388
0.272874138167 -0.482643266609 2.88774044172
2.51245905811 1.89896355575 0.965726529354
0.556174416856 -0.133447240774 -0.418564082036
2.6727986805 0.322513992342 -2.62391609893
-1.99644146341 -1.46710813617 2.04119203999
2.85003881307 -1.33158057819 -0.651470900904
-2.66448114972 -2.46547198069 -0.705313537065
-0.502660078106 -1.69644794345 -2.65731879754
-2.85982318986 -1.41667109781 -2.79522914791
1.85737959559 2.11362375973 -0.656781642873
1.12323215661 0.0148194002085 2.84837726994
2.84241388241 -2.33766511289 1.44345468305
1.82978241476 -0.223662972907 1.25282885047
2.6929686989 -2.27442400407 1.01067687007
0.231576738267 0.396161367134 -1.36276103321
2.92930539452 -0.347195729274 -1.98807651653
1.49408618031 2.14970630573 0.614120631693
-0.923144682528 -1.44436156231 -2.61863115052
2.8463469202 2.10517207286 0.52845931701
-0.738005049947 -1.51438451875 0.0868770836673
-1.84011666311 2.89568408864 0.254989910912
-2.54473756562 0.805077350266 -2.27199080909
-0.204253187108 -2.7439222452 -2.59440294995
-1.82013055288 1.84305453656 -0.16060456545
2.60146877731 -1.34612049757 -2.12655034755
2.70272211562 -0.826526437763 0.848728439151
-1.70429335125 -2.12049867412 -1.14278411341
-2.37897927062 2.02460632235 0.723865226704
0.173819913693 -2.45775603442 1.50126231552
-1.98192033065 1.42959936749 0.638619447138
0.261890019088 -0.625649454705 0.189499302754
1.87705654973 1.07665471857 -1.81607138282
-1.4816258803 -1.2416046119 -0.916865373423
-0.469490371722 -2.53033998796 2.86768820787
2.40522006207 2.49101962282 -1.38858467175
-0.331844832215 0.928510380015 -1.29403078123
-0.943342671249 -1.98190475817 -0.0402956346166
2.35397321348 2.85715073885 0.27572361846
1.88253567361 2.47090645488 1.7444662992
2.37108996289 -1.9043862379 -1.22854112067
