cub3_T=0.44
27
1 1 1 1 1 1 1 1 1 1 1 1 1 1 1 1 1 1 1 1 1 1 1 1 1 1 1
3.0 3.0 3.0
3.0 3.0 4.12246204831
3.0 3.0 5.24492409662
3.0 4.12246204831 3.0
3.0 4.12246204831 4.12246204831
3.0 4.12246204831 5.24492409662
3.0 5.24492409662 3.0
3.0 5.24492409662 4.12246204831
3.0 5.24492409662 5.24492409662
4.12246204831 3.0 3.0
4.12246204831 3.0 4.12246204831
4.12246204831 3.0 5.24492409662
4.12246204831 4.12246204831 3.0
4.12246204831 4.12246204831 4.12246204831
4.12246204831 4.12246204831 5.24492409662
4.12246204831 5.24492409662 3.0
4.12246204831 5.24492409662 4.12246204831
4.12246204831 5.24492409662 5.24492409662
5.24492409662 3.0 3.0
5.24492409662 3.0 4.12246204831
5.24492409662 3.0 5.24492409662
5.24492409662 4.12246204831 3.0
5.24492409662 4.12246204831 4.12246204831
5.24492409662 4.12246204831 5.24492409662
5.24492409662 5.24492409662 3.0
5.24492409662 5.24492409662 4.12246204831
5.24492409662 5.24492409662 5.24492409662
-0.76606044687 0.931321154642 -0.0270954120247
-0.202076409781 0.333197956053 0.873719844138
-0.345207695252 0.58587651425 1.07720907876
0.422322965692 0.220685021244 -0.61531988095
-0.499441650249 0.806390584897 0.538544631879
0.361028910876 0.0639168366459 0.737767914653
0.0819694421367 0.023781142645 -0.493959741358
-0.313819730306 -0.146651155061 -1.02043116134
-0.361306806951 -0.591605261263 0.0704043456942
1.02465596318 -1.28561023606 -0.53496906007
0.00124868185977 0.874139252051 0.37903038015
0.888070664364 1.60428604339 0.0200150541487
0.285266470164 -1.30600379966 -0.289627465777
1.20550288251 -0.261865667444 -0.311997571793
0.314877306815 -0.667517664235 -0.200990452114
-1.06298159913 0.590410831399 -0.479367916628
0.187722516165 -0.226251783613 -0.189788660241
0.309126600265 0.440632746119 0.517117928402
-0.156891578395 -0.846221515183 -0.572700370145
-0.512555625261 0.0918974063195 -0.0409568847039
-0.0584553601942 0.392270288647 -0.885145393584
-0.0130185158012 -0.932884345944 -0.234321716649
-0.27835545606 0.130407631871 -0.631381202784
-1.67922480208 -0.594699563747 -0.05767288909
-0.859940466099 1.75401589817 0.84641963314
0.464668596305 -0.0401926584411 1.17414267403
0.806624110322 -0.031673569497 -0.464857668221
