cub3_T=0.33
27
1 1 1 1 1 1 1 1 1 1 1 1 1 1 1 1 1 1 1 1 1 1 1 1 1 1 1
3.0 3.0 3.0
3.0 3.0 4.12246204831
3.0 3.0 5.24492409662
3.0 4.12246204831 3.0
3.0 4.12246204831 4.12246204831
3.0 4.12246204831 5.24492409662
3.0 5.24492409662 3.0
3.0 5.24492409662 4.12246204831
3.0 5.24492409662 5.24492409662
4.12246204831 3.0 3.0
4.12246204831 3.0 4.12246204831
4.12246204831 3.0 5.24492409662
4.12246204831 4.12246204831 3.0
4.12246204831 4.12246204831 4.12246204831
4.12246204831 4.12246204831 5.24492409662
4.12246204831 5.24492409662 3.0
4.12246204831 5.24492409662 4.12246204831
4.12246204831 5.24492409662 5.24492409662
5.24492409662 3.0 3.0
5.24492409662 3.0 4.12246204831
5.24492409662 3.0 5.24492409662
5.24492409662 4.12246204831 3.0
5.24492409662 4.12246204831 4.12246204831
5.24492409662 4.12246204831 5.24492409662
5.24492409662 5.24492409662 3.0
5.24492409662 5.24492409662 4.12246204831
5.24492409662 5.24492409662 5.24492409662
0.115022721003 0.168880932806 -0.215338151626
-0.324486271359 -0.696598869159 -0.251738963265
0.176918651971 -0.622413002958 -0.110493436348
-0.411636194011 0.934324489325 -1.33269734686
-0.205909801596 0.308016193007 -0.271670246578
-0.761242514377 -0.70774685551 0.0507507396821
-0.449944324698 0.546775924872 0.510658158321
0.29556884747 -0.816226915555 -0.126808301946
-0.247361534534 -0.731016019983 -0.342211430383
0.424068558442 -0.727055032539 0.833472245939
-0.248625875162 0.0720458546249 0.283401938714
-0.330064945343 -0.169894146342 -0.435248146292
0.107086742977 0.513975997786 -0.637436091129
-0.0310658955933 -0.549363016731 0.897857657336
0.111956380839 0.351820155959 0.229986192311
0.618621102188 1.07733561801 0.226983203789
-1.11450271998 -0.555392713777 -0.807435542432
-0.408360361019 0.132578673042 -0.659614863979
-0.0727365112708 -0.178292446132 0.398214224031
-0.318901934075 -0.164741274478 -0.297055904987
0.148903514785 -0.59487760716 0.0184881418484
-0.214680285598 -0.209672614302 -0.812253336244
0.126965109235 -0.0608866690108 -0.498756020549
0.485698219628 0.448022304966 -0.227915656426
0.39869474376 0.46567275351 0.603841008308
-0.589031321122 0.212810969035 -0.530798759702
0.835167298467 0.837809399487 0.334844717897
