cub3_T=0.22
27
1 1 1 1 1 1 1 1 1 1 1 1 1 1 1 1 1 1 1 1 1 1 1 1 1 1 1
3.0 3.0 3.0
3.0 3.0 4.12246204831
3.0 3.0 5.24492409662
3.0 4.12246204831 3.0
3.0 4.12246204831 4.12246204831
3.0 4.12246204831 5.24492409662
3.0 5.24492409662 3.0
3.0 5.24492409662 4.12246204831
3.0 5.24492409662 5.24492409662
4.12246204831 3.0 3.0
4.12246204831 3.0 4.12246204831
4.12246204831 3.0 5.24492409662
4.12246204831 4.12246204831 3.0
4.12246204831 4.12246204831 4.12246204831
4.12246204831 4.12246204831 5.24492409662
4.12246204831 5.24492409662 3.0
4.12246204831 5.24492409662 4.12246204831
4.12246204831 5.24492409662 5.24492409662
5.24492409662 3.0 3.0
5.24492409662 3.0 4.12246204831
5.24492409662 3.0 5.24492409662
5.24492409662 4.12246204831 3.0
5.24492409662 4.12246204831 4.12246204831
5.24492409662 4.12246204831 5.24492409662
5.24492409662 5.24492409662 3.0
5.24492409662 5.24492409662 4.12246204831
5.24492409662 5.24492409662 5.24492409662
0.182550144393 0.295893439962 0.441804871947
-0.46395010192 -0.626433163633 -0.198626906726
0.872533123337 0.0734012472069 0.0389194765087
0.199345063617 -0.47695595887 0.368218208457
-0.173882527166 0.472355505308 0.243824330379
-0.0787884631893 0.053201242194 0.0921960709488
0.451618699249 0.00264269782649 -0.131999030738
0.608649795245 0.602525376828 0.11252420994
0.506000940187 -0.0200754808841 0.0604765377001
0.396722267076 -0.353721084949 -0.596786300239
-0.822094299361 -0.586011291537 0.355818961565
0.94692117394 -0.0650674772907 -0.475877962352
0.710852467055 0.32884136143 -0.687959642335
0.535551343382 -0.0758304039927 0.384938011581
0.589439576445 0.405974377334 0.961867373984
-0.463939527589 -0.207067951065 -0.453048916746
0.87361797871 -0.00675140072052 0.580270683802
-0.303996813457 -0.0190644928188 -0.325502626338
0.260769692329 0.621860220503 0.490576053201
0.0902807419991 0.00429227593136 0.0229539518386
-0.732516591694 0.530477172669 -0.524407630637
-0.392685156551 -0.212723014853 0.137540572706
-0.704169493933 -0.417414833183 -0.204737010228
-0.263497043694 -0.0993622253753 -0.333756851062
0.425955329916 -0.134450488019 0.666183880597
-0.111792998115 -0.266999629972 -0.397587907686
-0.00745240965851 0.509097813623 -0.404282433091
