cub3_T=0.11
27
1 1 1 1 1 1 1 1 1 1 1 1 1 1 1 1 1 1 1 1 1 1 1 1 1 1 1
3.0 3.0 3.0
3.0 3.0 4.12246204831
3.0 3.0 5.24492409662
3.0 4.12246204831 3.0
3.0 4.12246204831 4.12246204831
3.0 4.12246204831 5.24492409662
3.0 5.24492409662 3.0
3.0 5.24492409662 4.12246204831
3.0 5.24492409662 5.24492409662
4.12246204831 3.0 3.0
4.12246204831 3.0 4.12246204831
4.12246204831 3.0 5.24492409662
4.12246204831 4.12246204831 3.0
4.12246204831 4.12246204831 4.12246204831
4.12246204831 4.12246204831 5.24492409662
4.12246204831 5.24492409662 3.0
4.12246204831 5.24492409662 4.12246204831
4.12246204831 5.24492409662 5.24492409662
5.24492409662 3.0 3.0
5.24492409662 3.0 4.12246204831
5.24492409662 3.0 5.24492409662
5.24492409662 4.12246204831 3.0
5.24492409662 4.12246204831 4.12246204831
5.24492409662 4.12246204831 5.24492409662
5.24492409662 5.24492409662 3.0
5.24492409662 5.24492409662 4.12246204831
5.24492409662 5.24492409662 5.24492409662
-0.0208406745763 -0.39261005008 0.215969993498
-0.38650955258 -0.0489812005306 0.036084624225
-0.162410957994 0.138679148808 -0.0980002484376
0.071531440367 -0.0875893019053 0.0302919726967
-0.235176448671 0.305257750126 -0.129414264518
0.64597985595 0.118652155421 -0.110459383343
-0.522342516732 0.162950147348 -0.112190868306
0.170072736992 -0.187330829268 -0.00632632790041
0.0338878695669 -0.363790016473 -0.105293112059
-0.432346113139 0.273471307902 -0.0778058290866
-0.350942804817 -0.659832081795 0.462238608185
-0.305636600045 -0.0288393393432 0.0447905871324
-0.221471945906 -0.441283411917 -0.401970693728
0.248029153115 -0.404363148714 0.298299881237
-0.0825767116659 -0.177276242052 -0.198497435795
0.0431810945068 -0.227564874973 0.324160867514
0.342342865537 0.56439706475 -0.413044550595
0.436500099465 -0.00813522694142 -0.401982159138
0.620520955535 0.405104483068 -0.0559615157121
0.894007964417 -0.829671597912 -0.202647692137
0.295909411164 0.699031011981 0.169033512841
-0.0363849411312 -0.0478050398846 -0.337364939317
-0.071679967056 0.0533354842814 -0.616759885589
-0.259631422916 0.0750433490826 0.0363019646257
-0.234313198545 -0.256737992327 0.0202670664707
-0.067874315806 -0.74979280253 0.714089902553
-0.407879576032 0.441540843345 0.011115202554
