cub_T=0.44
64
1 1 1 1 1 1 1 1 1 1 1 1 1 1 1 1 1 1 1 1 1 1 1 1 1 1 1 1 1 1 1 1 1 1 1 1 1 1 1 1 1 1 1 1 1 1 1 1 1 1 1 1 1 1 1 1 1 1 1 1 1 1 1 1
3.0 3.0 3.0
3.0 3.0 4.12246204831
3.0 3.0 5.24492409662
3.0 3.0 6.36738614493
3.0 4.12246204831 3.0
3.0 4.12246204831 4.12246204831
3.0 4.12246204831 5.24492409662
3.0 4.12246204831 6.36738614493
3.0 5.24492409662 3.0
3.0 5.24492409662 4.12246204831
3.0 5.24492409662 5.24492409662
3.0 5.24492409662 6.36738614493
3.0 6.36738614493 3.0
3.0 6.36738614493 4.12246204831
3.0 6.36738614493 5.24492409662
3.0 6.36738614493 6.36738614493
4.12246204831 3.0 3.0
4.12246204831 3.0 4.12246204831
4.12246204831 3.0 5.24492409662
4.12246204831 3.0 6.36738614493
4.12246204831 4.12246204831 3.0
4.12246204831 4.12246204831 4.12246204831
4.12246204831 4.12246204831 5.24492409662
4.12246204831 4.12246204831 6.36738614493
4.12246204831 5.24492409662 3.0
4.12246204831 5.24492409662 4.12246204831
4.12246204831 5.24492409662 5.24492409662
4.12246204831 5.24492409662 6.36738614493
4.12246204831 6.36738614493 3.0
4.12246204831 6.36738614493 4.12246204831
4.12246204831 6.36738614493 5.24492409662
4.12246204831 6.36738614493 6.36738614493
5.24492409662 3.0 3.0
5.24492409662 3.0 4.12246204831
5.24492409662 3.0 5.24492409662
5.24492409662 3.0 6.36738614493
5.24492409662 4.12246204831 3.0
5.24492409662 4.12246204831 4.12246204831
5.24492409662 4.12246204831 5.24492409662
5.24492409662 4.12246204831 6.36738614493
5.24492409662 5.24492409662 3.0
5.24492409662 5.24492409662 4.12246204831
5.24492409662 5.24492409662 5.24492409662
5.24492409662 5.24492409662 6.36738614493
5.24492409662 6.36738614493 3.0
5.24492409662 6.36738614493 4.12246204831
5.24492409662 6.36738614493 5.24492409662
5.24492409662 6.36738614493 6.36738614493
6.36738614493 3.0 3.0
6.36738614493 3.0 4.12246204831
6.36738614493 3.0 5.24492409662
6.36738614493 3.0 6.36738614493
6.36738614493 4.12246204831 3.0
6.36738614493 4.12246204831 4.12246204831
6.36738614493 4.12246204831 5.24492409662
6.36738614493 4.12246204831 6.36738614493
6.36738614493 5.24492409662 3.0
6.36738614493 5.24492409662 4.12246204831
6.36738614493 5.24492409662 5.24492409662
6.36738614493 5.24492409662 6.36738614493
6.36738614493 6.36738614493 3.0
6.36738614493 6.36738614493 4.12246204831
6.36738614493 6.36738614493 5.24492409662
6.36738614493 6.36738614493 6.36738614493
-0.34438905062 0.58481701983 1.04341672624
0.634962184802 -1.09752600007 -0.282702892157
0.550914928804 -1.50368485365 0.208820975009
0.431520231064 -0.306513968569 0.394258058932
0.88568129201 0.154774757275 0.525985993751
0.109765270865 0.638580517269 0.614096274633
-0.418986045776 1.30587396158 -0.0787362315036
-1.37538305694 0.486210562745 0.720776847501
-1.87000414773 0.749546690185 -0.64085929113
-0.245694384674 0.858260882961 0.650863086534
0.585044505009 0.990986354047 0.135251396736
-0.183820334476 0.0284813939422 -0.668027827215
0.425931884865 0.540073924977 -0.331358884391
1.2600750206 1.2438353876 -0.125866771684
-0.14366893262 -0.219061575155 0.16261388942
1.07188898178 -0.0270162861967 -0.729759833324
0.957573204721 -0.612869898097 -0.0871893917012
-0.0924582839543 0.0659849635712 0.14420445444
0.345116962065 -0.150801489015 -0.0414142572763
-0.617492725166 0.888929155009 -0.82172942602
-1.24161436682 0.52644968335 -0.541943311059
-0.355012670075 0.207421223089 -0.610126365184
-0.0593718234956 0.65134757333 -0.981487921823
0.180043657654 0.264068794709 -0.296324387196
-0.0384454881823 -0.304102957472 0.424618077534
0.0194653154113 1.31766015531 -0.684236857138
0.0345262877 -0.0870763677811 0.388696328742
0.916518419057 -0.994817648663 -1.33869185654
-0.275641082917 -0.278210595402 -1.07308123549
-0.608336114085 0.962094959587 -0.285351285077
-0.30384497616 0.254903268985 -0.288472613099
1.06021522507 0.725866986893 -1.12751924616
-0.475875435234 0.586307172127 -0.208020045402
-0.917888585821 -0.0227669076331 -0.931148311347
0.382316666239 -0.605096281135 0.593084691681
0.338893440884 0.510032467267 -0.521026285901
1.04558329453 -0.580990866884 -0.414662704423
-0.911692820511 -0.197371819828 0.674227353505
-0.102209013112 -0.106774791205 0.364081582552
-0.398062875515 0.419775777025 1.02820242998
0.317978415068 0.65554665421 -0.241654229993
0.866188148332 0.444820633263 -0.231758623604
1.14067323433 0.83436575379 -0.160920169457
-0.0736281477781 -0.624592532095 1.89703805863
0.858222848 0.734792025957 -0.14956456155
-0.751065662324 1.18849624996 -0.197629179517
0.227985493152 0.679231096342 -0.19081587484
-0.395181119541 0.411340102025 -0.200204449493
-0.386748258026 0.274367479203 0.47040564658
-0.250326952101 -0.313184469828 0.203994822462
-0.391802442529 0.0984056245159 -0.161924203751
-0.546851242492 0.0208678396781 0.101838284942
1.03859134039 0.806754457908 -0.113853655737
-0.120419759009 0.149468076821 0.459909759988
-0.54160606891 0.344555715796 0.542724091646
0.0300952817284 1.25567153309 -1.34249423649
0.406089717375 -0.992016236566 0.230893724589
0.964331580139 -1.02508344881 0.253428427571
0.223045311994 0.110427009382 -0.32190658371
0.0151782884033 -0.488657959215 1.5871258006
-1.23836951089 0.0871187443906 -0.0214256344929
-0.625540560762 -0.156078779967 0.167674492846
-0.786517218156 -0.703504556028 0.533813427212
-0.795093469523 0.801695238404 0.423607436099
