cub_T=0.33
64
1 1 1 1 1 1 1 1 1 1 1 1 1 1 1 1 1 1 1 1 1 1 1 1 1 1 1 1 1 1 1 1 1 1 1 1 1 1 1 1 1 1 1 1 1 1 1 1 1 1 1 1 1 1 1 1 1 1 1 1 1 1 1 1
3.0 3.0 3.0
3.0 3.0 4.12246204831
3.0 3.0 5.24492409662
3.0 3.0 6.36738614493
3.0 4.12246204831 3.0
3.0 4.12246204831 4.12246204831
3.0 4.12246204831 5.24492409662
3.0 4.12246204831 6.36738614493
3.0 5.24492409662 3.0
3.0 5.24492409662 4.12246204831
3.0 5.24492409662 5.24492409662
3.0 5.24492409662 6.36738614493
3.0 6.36738614493 3.0
3.0 6.36738614493 4.12246204831
3.0 6.36738614493 5.24492409662
3.0 6.36738614493 6.36738614493
4.12246204831 3.0 3.0
4.12246204831 3.0 4.12246204831
4.12246204831 3.0 5.24492409662
4.12246204831 3.0 6.36738614493
4.12246204831 4.12246204831 3.0
4.12246204831 4.12246204831 4.12246204831
4.12246204831 4.12246204831 5.24492409662
4.12246204831 4.12246204831 6.36738614493
4.12246204831 5.24492409662 3.0
4.12246204831 5.24492409662 4.12246204831
4.12246204831 5.24492409662 5.24492409662
4.12246204831 5.24492409662 6.36738614493
4.12246204831 6.36738614493 3.0
4.12246204831 6.36738614493 4.12246204831
4.12246204831 6.36738614493 5.24492409662
4.12246204831 6.36738614493 6.36738614493
5.24492409662 3.0 3.0
5.24492409662 3.0 4.12246204831
5.24492409662 3.0 5.24492409662
5.24492409662 3.0 6.36738614493
5.24492409662 4.12246204831 3.0
5.24492409662 4.12246204831 4.12246204831
5.24492409662 4.12246204831 5.24492409662
5.24492409662 4.12246204831 6.36738614493
5.24492409662 5.24492409662 3.0
5.24492409662 5.24492409662 4.12246204831
5.24492409662 5.24492409662 5.24492409662
5.24492409662 5.24492409662 6.36738614493
5.24492409662 6.36738614493 3.0
5.24492409662 6.36738614493 4.12246204831
5.24492409662 6.36738614493 5.24492409662
5.24492409662 6.36738614493 6.36738614493
6.36738614493 3.0 3.0
6.36738614493 3.0 4.12246204831
6.36738614493 3.0 5.24492409662
6.36738614493 3.0 6.36738614493
6.36738614493 4.12246204831 3.0
6.36738614493 4.12246204831 4.12246204831
6.36738614493 4.12246204831 5.24492409662
6.36738614493 4.12246204831 6.36738614493
6.36738614493 5.24492409662 3.0
6.36738614493 5.24492409662 4.12246204831
6.36738614493 5.24492409662 5.24492409662
6.36738614493 5.24492409662 6.36738614493
6.36738614493 6.36738614493 3.0
6.36738614493 6.36738614493 4.12246204831
6.36738614493 6.36738614493 5.24492409662
6.36738614493 6.36738614493 6.36738614493
0.2973725903 -0.0206210784029 -0.801482012483
-0.289936484252 0.0765874524343 -0.250707061356
0.470941829559 0.214535354667 -0.3997274299
-0.398692071504 0.584332110162 0.544520287143
0.168324530792 -0.897991832704 -0.363836507437
-0.528911610762 -1.40928262172 -0.339967987806
0.307746203024 -0.0152281380094 -0.319215297854
0.632356306721 -0.00490206090714 -0.13717628245
-0.169122837562 1.12298298533 0.839410701039
-0.532170690847 0.310312769005 1.48027378314
-0.649808998917 1.24359218086 -0.225359211579
-0.212239914573 -0.223100380407 0.319481176144
-0.811236059023 -0.63564961956 1.24292797917
-0.998518820437 -0.765336073347 0.0927148467692
-0.405866435353 0.156755289088 -0.518542846007
-1.01082319409 0.381208904536 0.139635605372
-0.200649351422 0.395496231073 0.646725215783
-1.11818704689 -1.9735486206 -0.0148577301736
0.0988763008672 -0.18344139956 -0.786537480473
-0.238331682407 -0.895337790943 -0.0993712667021
0.730509534219 0.329867478539 0.675217353081
-0.725322071632 0.275053385954 0.0606486684474
-0.100872341882 -1.02150075668 0.734710399013
-0.0399265010599 0.72864152189 -1.07569142198
0.317507195519 -0.224248823984 -0.597467829122
0.0938526829892 -0.03023133494 -0.321992257592
0.333829980126 0.434461971611 0.564832194007
0.178870172141 1.130341275 -0.453065110457
0.400026282062 -0.00293569787466 0.38632918771
-0.0722093119981 -0.625947769933 -0.486208572307
0.2948039594 0.124173999061 0.486497280813
-0.504836180653 0.176562763085 1.03013455543
-0.0240355028481 -0.231776014733 -0.959142742365
0.797413176298 0.0756167786088 -0.617614814234
0.498080117704 -0.684423759796 0.223536376891
-0.300816673325 -0.535500009643 0.752313397067
0.258248979223 0.129421447368 -0.231854391226
1.09135360152 0.232975727432 -0.652471359697
0.188767482608 0.246626427175 0.46737231485
0.449259939172 0.0551614040479 -0.358735354142
0.182584137144 -0.052305967291 0.341765096581
-0.535962967762 -1.8655730986 -0.134899336259
-1.07592475655 -1.121000745 -0.457194713596
-0.112934719647 0.598869455873 0.0650132924037
0.197763220631 0.22817453069 -0.369222338985
-0.49584367797 0.0739812707321 0.921289687922
-0.539207002814 0.301615845018 0.721574045561
-0.462738952039 0.804258957734 -0.957689515425
-0.985719222218 -0.36054120098 0.35442607288
0.296041651024 -0.468925288078 0.0187647627677
0.461658958101 0.377978527921 0.54295260104
-0.999752898956 0.162638938502 0.206762767983
-0.779946766638 -0.0996873301058 -0.268275686008
0.0959465326758 -0.236062281169 -0.173005914292
-0.450221625401 0.360638852725 -0.916880801103
-0.0176857745875 0.0958514694816 0.159703323888
-0.757331039564 -0.50710299786 -0.448306546715
0.825204378661 -0.367328057403 1.57362256427
-0.0708576237843 0.660074029308 -0.52391814973
-0.866846602518 -0.710161943103 -0.46420049707
-0.452571249235 0.929071411948 0.899145185028
0.23189995432 0.329818401308 -0.389680141375
-1.1445929659 0.531254848106 -0.448094473057
-1.52792291481 -0.0136199296345 0.291457960672
