cub_T=0.22
64
1 1 1 1 1 1 1 1 1 1 1 1 1 1 1 1 1 1 1 1 1 1 1 1 1 1 1 1 1 1 1 1 1 1 1 1 1 1 1 1 1 1 1 1 1 1 1 1 1 1 1 1 1 1 1 1 1 1 1 1 1 1 1 1
3.0 3.0 3.0
3.0 3.0 4.12246204831
3.0 3.0 5.24492409662
3.0 3.0 6.36738614493
3.0 4.12246204831 3.0
3.0 4.12246204831 4.12246204831
3.0 4.12246204831 5.24492409662
3.0 4.12246204831 6.36738614493
3.0 5.24492409662 3.0
3.0 5.24492409662 4.12246204831
3.0 5.24492409662 5.24492409662
3.0 5.24492409662 6.36738614493
3.0 6.36738614493 3.0
3.0 6.36738614493 4.12246204831
3.0 6.36738614493 5.24492409662
3.0 6.36738614493 6.36738614493
4.12246204831 3.0 3.0
4.12246204831 3.0 4.12246204831
4.12246204831 3.0 5.24492409662
4.12246204831 3.0 6.36738614493
4.12246204831 4.12246204831 3.0
4.12246204831 4.12246204831 4.12246204831
4.12246204831 4.12246204831 5.24492409662
4.12246204831 4.12246204831 6.36738614493
4.12246204831 5.24492409662 3.0
4.12246204831 5.24492409662 4.12246204831
4.12246204831 5.24492409662 5.24492409662
4.12246204831 5.24492409662 6.36738614493
4.12246204831 6.36738614493 3.0
4.12246204831 6.36738614493 4.12246204831
4.12246204831 6.36738614493 5.24492409662
4.12246204831 6.36738614493 6.36738614493
5.24492409662 3.0 3.0
5.24492409662 3.0 4.12246204831
5.24492409662 3.0 5.24492409662
5.24492409662 3.0 6.36738614493
5.24492409662 4.12246204831 3.0
5.24492409662 4.12246204831 4.12246204831
5.24492409662 4.12246204831 5.24492409662
5.24492409662 4.12246204831 6.36738614493
5.24492409662 5.24492409662 3.0
5.24492409662 5.24492409662 4.12246204831
5.24492409662 5.24492409662 5.24492409662
5.24492409662 5.24492409662 6.36738614493
5.24492409662 6.36738614493 3.0
5.24492409662 6.36738614493 4.12246204831
5.24492409662 6.36738614493 5.24492409662
5.24492409662 6.36738614493 6.36738614493
6.36738614493 3.0 3.0
6.36738614493 3.0 4.12246204831
6.36738614493 3.0 5.24492409662
6.36738614493 3.0 6.36738614493
6.36738614493 4.12246204831 3.0
6.36738614493 4.12246204831 4.12246204831
6.36738614493 4.12246204831 5.24492409662
6.36738614493 4.12246204831 6.36738614493
6.36738614493 5.24492409662 3.0
6.36738614493 5.24492409662 4.12246204831
6.36738614493 5.24492409662 5.24492409662
6.36738614493 5.24492409662 6.36738614493
6.36738614493 6.36738614493 3.0
6.36738614493 6.36738614493 4.12246204831
6.36738614493 6.36738614493 5.24492409662
6.36738614493 6.36738614493 6.36738614493
-0.99512061979 0.528247992028 -0.109603700402
-0.116664817191 0.00917331574839 -0.142714047061
-1.46502966831 0.202696874621 -0.123972567652
1.21351661825 -1.22787526984 -0.159033747761
0.157653645239 0.298034769455 0.0633906884857
0.855047792616 -0.49426623843 0.518708812411
-0.0502974357025 -0.0334786174253 -0.311624722731
0.0407781887379 -0.272889870752 0.718437711834
0.209390189963 -0.0921752190175 0.0786522314448
0.277186308717 0.0991493485305 0.524196136094
-0.5653469141 0.739862121327 -0.373576094065
-0.132021175399 0.776964434817 0.214856814667
-0.0235369652075 0.618570016141 -0.128767681632
-0.291467430523 -0.066478606267 0.558087136581
0.572876538523 0.285467792257 0.123712276507
-0.483312833745 0.250526327576 -1.26782048117
-0.102812689183 0.260555427324 -0.852836391289
-0.80102029429 0.135618054213 -0.00155975691361
0.171700140879 -0.624239670313 -0.581199569365
0.235790887734 0.116262396398 0.682370487286
-0.765468740265 0.121389742244 -0.952009835535
0.8835558562 -0.485043403472 -0.515855823613
0.183631880761 -0.867955932215 -0.750710504258
1.00771132992 -0.7630519298 -1.07454606643
0.00836488518248 0.414650935649 -0.329834602535
0.453218789505 -0.25225427568 -0.634493895777
0.629790505422 0.14437525487 0.262086227937
0.238281449515 0.190989946784 -0.0904866537101
-0.0590676951588 -0.488453969179 0.0657146805114
0.233987038362 1.01771553306 0.570448305787
0.811690832681 -0.304808128808 0.017572836525
0.80825372393 0.153269711352 0.300497277441
0.525037671358 -0.148880838718 0.037085433622
-0.0174157079912 0.181926842719 -0.451648398369
0.24672343443 -0.92179768728 0.447003823924
-0.323911858237 -0.089784802544 -0.404109264592
0.148838007498 -0.0976389682245 -0.146229637519
0.593998348108 0.146323691444 -0.149385288139
0.24840079426 0.431286404252 0.174711372542
-0.186416706348 -0.984709374954 0.235752797241
-0.211986080974 -0.0315786561546 0.647804128833
0.2598617992 -0.880153945755 0.0249420502324
0.360830112418 -0.287563132136 0.175209135952
0.439191427841 -0.493903911517 0.336940249403
-0.263159071369 -0.631316597577 -0.0870378444848
0.198727995613 0.47955640585 -0.410904102018
0.600604535888 -0.189644862327 -0.0466109849016
0.59559762902 -0.196310014442 -0.0728639050768
0.202849358697 -0.528403846343 0.297796166039
-0.324412766252 -0.295952276469 -0.30265154908
0.552633926459 -0.540883684214 -0.373425448751
0.152505181763 0.218769428364 -0.273801041067
-0.988075510215 -0.355818956913 -0.446568289658
-0.519522071679 0.576733198866 0.364922048739
-0.0667680558136 0.200387050594 0.120282820898
-0.320913358138 -0.0294641551269 -0.266833883726
-0.968621908761 0.00517622520899 -0.527423644215
0.38595365092 0.106153699265 0.204211552572
-1.02322334972 0.289988060707 0.0516658402374
0.0898290067998 -0.140854502112 0.534417235768
-0.684197345329 -1.07941404679 0.171464017848
0.370519775005 -0.586113032755 -0.111535909744
-0.0580151001128 -0.522954823386 -0.645910901973
0.553924013114 -0.676034920479 0.142321787005
