cub_T=0.11
64
1 1 1 1 1 1 1 1 1 1 1 1 1 1 1 1 1 1 1 1 1 1 1 1 1 1 1 1 1 1 1 1 1 1 1 1 1 1 1 1 1 1 1 1 1 1 1 1 1 1 1 1 1 1 1 1 1 1 1 1 1 1 1 1
3.0 3.0 3.0
3.0 3.0 4.12246204831
3.0 3.0 5.24492409662
3.0 3.0 6.36738614493
3.0 4.12246204831 3.0
3.0 4.12246204831 4.12246204831
3.0 4.12246204831 5.24492409662
3.0 4.12246204831 6.36738614493
3.0 5.24492409662 3.0
3.0 5.24492409662 4.12246204831
3.0 5.24492409662 5.24492409662
3.0 5.24492409662 6.36738614493
3.0 6.36738614493 3.0
3.0 6.36738614493 4.12246204831
3.0 6.36738614493 5.24492409662
3.0 6.36738614493 6.36738614493
4.12246204831 3.0 3.0
4.12246204831 3.0 4.12246204831
4.12246204831 3.0 5.24492409662
4.12246204831 3.0 6.36738614493
4.12246204831 4.12246204831 3.0
4.12246204831 4.12246204831 4.12246204831
4.12246204831 4.12246204831 5.24492409662
4.12246204831 4.12246204831 6.36738614493
4.12246204831 5.24492409662 3.0
4.12246204831 5.24492409662 4.12246204831
4.12246204831 5.24492409662 5.24492409662
4.12246204831 5.24492409662 6.36738614493
4.12246204831 6.36738614493 3.0
4.12246204831 6.36738614493 4.12246204831
4.12246204831 6.36738614493 5.24492409662
4.12246204831 6.36738614493 6.36738614493
5.24492409662 3.0 3.0
5.24492409662 3.0 4.12246204831
5.24492409662 3.0 5.24492409662
5.24492409662 3.0 6.36738614493
5.24492409662 4.12246204831 3.0
5.24492409662 4.12246204831 4.12246204831
5.24492409662 4.12246204831 5.24492409662
5.24492409662 4.12246204831 6.36738614493
5.24492409662 5.24492409662 3.0
5.24492409662 5.24492409662 4.12246204831
5.24492409662 5.24492409662 5.24492409662
5.24492409662 5.24492409662 6.36738614493
5.24492409662 6.36738614493 3.0
5.24492409662 6.36738614493 4.12246204831
5.24492409662 6.36738614493 5.24492409662
5.24492409662 6.36738614493 6.36738614493
6.36738614493 3.0 3.0
6.36738614493 3.0 4.12246204831
6.36738614493 3.0 5.24492409662
6.36738614493 3.0 6.36738614493
6.36738614493 4.12246204831 3.0
6.36738614493 4.12246204831 4.12246204831
6.36738614493 4.12246204831 5.24492409662
6.36738614493 4.12246204831 6.36738614493
6.36738614493 5.24492409662 3.0
6.36738614493 5.24492409662 4.12246204831
6.36738614493 5.24492409662 5.24492409662
6.36738614493 5.24492409662 6.36738614493
6.36738614493 6.36738614493 3.0
6.36738614493 6.36738614493 4.12246204831
6.36738614493 6.36738614493 5.24492409662
6.36738614493 6.36738614493 6.36738614493
-0.0404940118023 -0.14310441303 -0.103712799172
-0.406768472593 0.00739746055579 -0.000975499367538
0.691479215352 0.0600685653839 0.261139975422
0.0576665641427 -0.237558184019 -0.247894740412
0.3575334644 0.232240547316 -0.423726403642
-0.105873967642 -0.397906635381 -0.622712375187
0.295741901875 0.0833067961646 0.332805570551
-0.704512455036 -0.262054567717 -0.126208650737
0.294514079933 -0.192562481649 0.0146252384956
0.5454772205 -0.0780176523212 -0.0068730290036
-0.11824559105 -0.234187260172 -0.331519235275
0.135274223727 0.0359907839342 0.12707264707
0.546094510606 -0.349507654666 0.230201313809
-0.0523738587362 -0.664499222943 0.163217516496
-0.247048513971 0.266570945305 0.232001734141
0.0929407393429 -0.652155288 0.122026941256
-0.0184993738145 0.244021729733 0.0933827680836
0.198701884446 -0.000691781791467 0.48458173492
0.978558671444 0.277841385922 0.196540986133
0.66439403781 -0.144640672999 -0.370663224017
0.416673627445 0.138948818761 -0.382184721226
-0.558905441354 -0.0171967586536 -0.108282936887
-0.429478756972 -0.159908932096 -0.445282405315
-0.247651067964 0.222082359394 -0.393763025125
-0.278526132686 -0.212774246173 0.188011915093
-0.0061000306645 -0.400837997033 -0.327846912839
0.342149471608 -0.249786044098 0.0734850408937
-0.351745852245 -0.299912092647 0.119115471456
-0.13020215471 -0.35293459295 0.126370624693
0.179606084121 -0.0571011195581 0.0317153634653
0.44880458992 0.119938020852 -0.321809386582
-0.0212077018193 0.138187193636 -0.241934911827
0.0695214355427 -0.271254857009 0.295059175703
-0.752906794592 0.449355155251 0.395819337474
-0.0921914904274 -0.0511196039516 -0.894990352932
-0.381005079004 0.333877127863 0.185058832348
0.127709528503 -0.30965049446 -0.390462844165
-0.0624495802797 0.0317915296269 -0.183806981575
-0.407846368877 1.18548069632 0.12473780534
0.0484673162554 -0.208880644695 0.563430081134
-0.124002545462 -0.125205772163 0.469431510597
0.167387602073 -0.611728478172 0.046428483537
0.210099669888 -0.0381607645693 0.0738945168359
0.37277875545 -0.216443602031 -0.0333459100705
-0.106059616103 -0.0129819174208 0.44407721501
-0.269169415676 0.330031227196 0.0656732697967
-0.223557027416 -0.476707444068 -0.0940995277439
0.251889263461 -0.138862120083 -0.0418358343676
-0.197764076679 -0.0711090920436 -0.0843937635114
0.24431396963 0.111323423602 0.0891312619779
0.167999435515 0.102168015528 -1.10180129219
-0.0261203089425 -0.101153917045 0.0701961599846
0.349668797042 0.309565520436 -0.366959075918
-0.0353146684053 -0.42469760788 -0.605682233328
0.0302600013677 -0.204519034265 -0.154881410282
-0.92289115889 -0.672464391556 0.400469821947
0.175245048516 0.203585661496 0.588156766358
0.281679581323 0.174912134376 -0.73784719852
0.110726932914 0.147060995482 -0.188984380791
-0.465734789533 0.175273164654 -0.340936491039
-0.834140536349 -0.00259110519409 0.282832084906
0.0968746663435 0.642221517663 0.1295662035
0.39788700285 -0.0218010901396 0.58215570425
0.103501613584 -0.137641023599 0.218468297857
