Exemple2
10
0.5454790230277932 0.918743176350847 0.5926957361426061 0.9454664467501246 0.16725975609804233 0.9750064688457487 0.05591980837919641 0.41622332031564313 0.023362801690173574 0.8095632659318523
2.54919150976 1.69861413696 1.89524095595
2.69163466796 0.534740896632 -1.82635288318
2.35460006429 0.947476260599 -2.31419276823
-2.49869593902 0.725948730828 -2.40837481203
0.552163361314 2.82441136547 -2.76640098238
-0.45751555059 -0.823244889131 -1.346613231
0.180528060708 1.55871967346 0.436931369331
-2.21818235252 -0.787897111391 1.92397908524
-1.84801705476 0.432280687151 -1.01517091204
-0.332558556762 0.963192655502 -0.782076407963
-1.67376496106 -1.11365333618 -1.2690940555
-0.269802246914 -2.48558325406 -1.17127539689
-2.85139819506 -0.155601463722 1.66549499876
-2.48535548234 1.30748402252 0.293960819466
1.26004920147 0.543658187605 -1.44948885666
-0.472509830315 -0.31529064436 -2.35723661096
0.0758035463541 0.85427079336 1.70285440025
1.4052544727 -1.9078247041 1.2428607253
-0.846021841283 -1.9287602961 1.97139195322
-2.6546728221 -1.05952590674 -1.57184161268
