Exemple2
50
0.9628278072103496 0.02222673759013527 0.7903625269889178 0.5697289540434977 0.9011644092355574 0.15306533920259136 0.6892199797978884 0.9472128237758983 0.6670558968679089 0.11238704395700871 0.9209353797918614 0.9696373436645092 0.11080402847588156 0.8272681726701441 0.07932868472694676 0.08129261405751609 0.7953746395841441 0.7199160492186819 0.9571871901782588 0.6319289135582338 0.5116980244541877 0.2720685194777438 0.5728554459051112 0.9924581098196317 0.6466655657206974 0.8755449348684013 0.19744817853349894 0.7349667374785006 0.7317762648853997 0.07085461658968295 0.8201994458711649 0.17607112851299522 0.21734200782120727 0.06121243340103677 0.6626701794384527 0.1422975455223201 0.9756978819259013 4.080385028870648e-05 0.809490273789777 0.7591674927292515 0.5692999642963098 0.5719806583320683 0.7979782525136984 0.6363623143576983 0.13937123973325294 0.7968463824240255 0.35387836132892025 0.5837667430974551 0.5124346506426877 0.9040349571087279
2.54919150976 1.12646604227 -2.88540055739
2.69163466796 -0.524266761411 0.665987432732
2.35460006429 1.15813766244 -2.16508980398
-2.49869593902 1.97891771336 1.39134028381
0.552163361314 0.837072897512 -0.18674621448
-0.45751555059 -1.56945492868 1.2543849928
0.180528060708 -1.2284809459 0.41874829508
-2.21818235252 -0.542301522247 1.62424238238
-1.84801705476 1.62999396892 1.92976811721
-0.332558556762 0.342543778261 0.617421169274
-1.67376496106 0.299624966898 0.548388366509
-0.269802246914 1.95924560509 -1.03884529936
-2.85139819506 -2.3493223775 -2.19545985681
-2.48535548234 0.787431261206 -2.4450654763
1.26004920147 -1.00498616852 2.14166303937
-0.472509830315 0.356131273303 -1.76346261947
0.0758035463541 2.0120967968 -0.440613359568
1.4052544727 -1.50988665974 -1.09949864041
-0.846021841283 2.70910820338 0.71783728402
-2.6546728221 -2.52854761461 0.200078334822
1.69861413696 0.37212769785 2.15423789347
0.534740896632 0.250889500095 -0.383751750138
0.947476260599 -1.58951645105 -0.828565946297
0.725948730828 0.365089280499 0.907308349882
2.82441136547 -0.175638163111 1.46881541137
-0.823244889131 -0.302430287526 2.55279027259
1.55871967346 1.31028115476 -1.12901614056
-0.787897111391 -2.97634808698 2.31885966627
0.432280687151 -0.736938937441 2.88860182266
0.963192655502 1.71360571488 2.89424151055
-1.11365333618 -2.14881993461 -2.22482861474
-2.48558325406 2.2043446184 -0.719329745383
-0.155601463722 -1.77845639913 1.6439374973
1.30748402252 1.08676292137 1.98615194509
0.543658187605 -1.96100741679 -2.76290620156
-0.31529064436 -0.304056029953 -0.629610731441
0.85427079336 -0.464698570012 1.34493556069
-1.9078247041 -2.50920164198 1.54967409301
-1.9287602961 1.19763995456 0.210550732692
-1.05952590674 -0.118950399875 -1.73667596359
1.89524095595 1.13405768538 -0.55915343362
-1.82635288318 0.234800207039 -2.64872981426
-2.31419276823 0.335225038721 -1.10590733278
-2.40837481203 0.156760165055 -0.435788088775
-2.76640098238 -1.2132327736 1.93763969065
-1.346613231 2.39252096387 0.536007818477
0.436931369331 -2.48165634752 -0.513805820053
1.92397908524 2.25969668011 -1.5244012197
-1.01517091204 2.18078442917 -1.10832819186
-0.782076407963 -0.0131610910291 1.02450322939
-1.2690940555 1.66168937167 -0.327248596319
-1.17127539689 1.04020006017 -1.96125749951
1.66549499876 0.630441311532 1.93039500865
0.293960819466 -1.25023995275 0.453691475015
-1.44948885666 -1.08210681048 2.80511498524
-2.35723661096 -0.903718971994 0.218309591646
1.70285440025 -1.18696947662 0.738407386748
1.2428607253 2.75821615443 -0.434111335257
1.97139195322 -0.952338151912 0.649700992481
-1.57184161268 -0.674698678726 2.51300715388
0.272874138167 -0.482643266609 2.88774044172
2.51245905811 1.89896355575 0.965726529354
0.556174416856 -0.133447240774 -0.418564082036
2.6727986805 0.322513992342 -2.62391609893
-1.99644146341 -1.46710813617 2.04119203999
2.85003881307 -1.33158057819 -0.651470900904
-2.66448114972 -2.46547198069 -0.705313537065
-0.502660078106 -1.69644794345 -2.65731879754
-2.85982318986 -1.41667109781 -2.79522914791
1.85737959559 2.11362375973 -0.656781642873
1.12323215661 0.0148194002085 2.84837726994
2.84241388241 -2.33766511289 1.44345468305
1.82978241476 -0.223662972907 1.25282885047
2.6929686989 -2.27442400407 1.01067687007
0.231576738267 0.396161367134 -1.36276103321
2.92930539452 -0.347195729274 -1.98807651653
1.49408618031 2.14970630573 0.614120631693
-0.923144682528 -1.44436156231 -2.61863115052
2.8463469202 2.10517207286 0.52845931701
-0.738005049947 -1.51438451875 0.0868770836673
-1.84011666311 2.89568408864 0.254989910912
-2.54473756562 0.805077350266 -2.27199080909
-0.204253187108 -2.7439222452 -2.59440294995
-1.82013055288 1.84305453656 -0.16060456545
2.60146877731 -1.34612049757 -2.12655034755
2.70272211562 -0.826526437763 0.848728439151
-1.70429335125 -2.12049867412 -1.14278411341
-2.37897927062 2.02460632235 0.723865226704
0.173819913693 -2.45775603442 1.50126231552
-1.98192033065 1.42959936749 0.638619447138
0.261890019088 -0.625649454705 0.189499302754
1.87705654973 1.07665471857 -1.81607138282
-1.4816258803 -1.2416046119 -0.916865373423
-0.469490371722 -2.53033998796 2.86768820787
2.40522006207 2.49101962282 -1.38858467175
-0.331844832215 0.928510380015 -1.29403078123
-0.943342671249 -1.98190475817 -0.0402956346166
2.35397321348 2.85715073885 0.27572361846
1.88253567361 2.47090645488 1.7444662992
2.37108996289 -1.9043862379 -1.22854112067
