Prova_eq
160
1 1 1 1 1 1 1 1 1 1 1 1 1 1 1 1 1 1 1 1 1 1 1 1 1 1 1 1 1 1 1 1 1 1 1 1 1 1 1 1 1 1 1 1 1 1 1 1 1 1 1 1 1 1 1 1 1 1 1 1 1 1 1 1 1 1 1 1 1 1 1 1 1 1 1 1 1 1 1 1 1 1 1 1 1 1 1 1 1 1 1 1 1 1 1 1 1 1 1 1 1 1 1 1 1 1 1 1 1 1 1 1 1 1 1 1 1 1 1 1 1 1 1 1 1 1 1 1 1 1 1 1 1 1 1 1 1 1 1 1 1 1 1 1 1 1 1 1 1 1 1 1 1 1 1 1 1 1 1 1
6.0 6.73205080757 0.0
7.0 6.73205080757 0.0
8.0 6.73205080757 0.0
9.0 6.73205080757 0.0
10.0 6.73205080757 0.0
11.0 6.73205080757 0.0
12.0 6.73205080757 0.0
13.0 6.73205080757 0.0
6.0 8.46410161514 0.0
7.0 8.46410161514 0.0
8.0 8.46410161514 0.0
9.0 8.46410161514 0.0
10.0 8.46410161514 0.0
11.0 8.46410161514 0.0
12.0 8.46410161514 0.0
13.0 8.46410161514 0.0
6.0 10.1961524227 0.0
7.0 10.1961524227 0.0
8.0 10.1961524227 0.0
9.0 10.1961524227 0.0
10.0 10.1961524227 0.0
11.0 10.1961524227 0.0
12.0 10.1961524227 0.0
13.0 10.1961524227 0.0
6.0 11.9282032303 0.0
7.0 11.9282032303 0.0
8.0 11.9282032303 0.0
9.0 11.9282032303 0.0
10.0 11.9282032303 0.0
11.0 11.9282032303 0.0
12.0 11.9282032303 0.0
13.0 11.9282032303 0.0
6.0 13.6602540378 0.0
7.0 13.6602540378 0.0
8.0 13.6602540378 0.0
9.0 13.6602540378 0.0
10.0 13.6602540378 0.0
11.0 13.6602540378 0.0
12.0 13.6602540378 0.0
13.0 13.6602540378 0.0
6.0 15.3923048454 0.0
7.0 15.3923048454 0.0
8.0 15.3923048454 0.0
9.0 15.3923048454 0.0
10.0 15.3923048454 0.0
11.0 15.3923048454 0.0
12.0 15.3923048454 0.0
13.0 15.3923048454 0.0
6.0 17.124355653 0.0
7.0 17.124355653 0.0
8.0 17.124355653 0.0
9.0 17.124355653 0.0
10.0 17.124355653 0.0
11.0 17.124355653 0.0
12.0 17.124355653 0.0
13.0 17.124355653 0.0
6.0 18.8564064606 0.0
7.0 18.8564064606 0.0
8.0 18.8564064606 0.0
9.0 18.8564064606 0.0
10.0 18.8564064606 0.0
11.0 18.8564064606 0.0
12.0 18.8564064606 0.0
13.0 18.8564064606 0.0
6.0 20.5884572681 0.0
7.0 20.5884572681 0.0
8.0 20.5884572681 0.0
9.0 20.5884572681 0.0
10.0 20.5884572681 0.0
11.0 20.5884572681 0.0
12.0 20.5884572681 0.0
13.0 20.5884572681 0.0
6.0 22.3205080757 0.0
7.0 22.3205080757 0.0
8.0 22.3205080757 0.0
9.0 22.3205080757 0.0
10.0 22.3205080757 0.0
11.0 22.3205080757 0.0
12.0 22.3205080757 0.0
13.0 22.3205080757 0.0
6.5 7.59807621135 0.0
7.5 7.59807621135 0.0
8.5 7.59807621135 0.0
9.5 7.59807621135 0.0
10.5 7.59807621135 0.0
11.5 7.59807621135 0.0
12.5 7.59807621135 0.0
13.5 7.59807621135 0.0
6.5 9.33012701892 0.0
7.5 9.33012701892 0.0
8.5 9.33012701892 0.0
9.5 9.33012701892 0.0
10.5 9.33012701892 0.0
11.5 9.33012701892 0.0
12.5 9.33012701892 0.0
13.5 9.33012701892 0.0
6.5 11.0621778265 0.0
7.5 11.0621778265 0.0
8.5 11.0621778265 0.0
9.5 11.0621778265 0.0
10.5 11.0621778265 0.0
11.5 11.0621778265 0.0
12.5 11.0621778265 0.0
13.5 11.0621778265 0.0
6.5 12.7942286341 0.0
7.5 12.7942286341 0.0
8.5 12.7942286341 0.0
9.5 12.7942286341 0.0
10.5 12.7942286341 0.0
11.5 12.7942286341 0.0
12.5 12.7942286341 0.0
13.5 12.7942286341 0.0
6.5 14.5262794416 0.0
7.5 14.5262794416 0.0
8.5 14.5262794416 0.0
9.5 14.5262794416 0.0
10.5 14.5262794416 0.0
11.5 14.5262794416 0.0
12.5 14.5262794416 0.0
13.5 14.5262794416 0.0
6.5 16.2583302492 0.0
7.5 16.2583302492 0.0
8.5 16.2583302492 0.0
9.5 16.2583302492 0.0
10.5 16.2583302492 0.0
11.5 16.2583302492 0.0
12.5 16.2583302492 0.0
13.5 16.2583302492 0.0
6.5 17.9903810568 0.0
7.5 17.9903810568 0.0
8.5 17.9903810568 0.0
9.5 17.9903810568 0.0
10.5 17.9903810568 0.0
11.5 17.9903810568 0.0
12.5 17.9903810568 0.0
13.5 17.9903810568 0.0
6.5 19.7224318643 0.0
7.5 19.7224318643 0.0
8.5 19.7224318643 0.0
9.5 19.7224318643 0.0
10.5 19.7224318643 0.0
11.5 19.7224318643 0.0
12.5 19.7224318643 0.0
13.5 19.7224318643 0.0
6.5 21.4544826719 0.0
7.5 21.4544826719 0.0
8.5 21.4544826719 0.0
9.5 21.4544826719 0.0
10.5 21.4544826719 0.0
11.5 21.4544826719 0.0
12.5 21.4544826719 0.0
13.5 21.4544826719 0.0
6.5 23.1865334795 0.0
7.5 23.1865334795 0.0
8.5 23.1865334795 0.0
9.5 23.1865334795 0.0
10.5 23.1865334795 0.0
11.5 23.1865334795 0.0
12.5 23.1865334795 0.0
13.5 23.1865334795 0.0
2.86472375368 1.40974559118 0.0
2.16028137007 5.26239014942 0.0
1.68520706096 0.894974648662 0.0
1.54237094409 3.91552450006 0.0
0.767126269532 1.40516169328 0.0
-0.609270236167 1.69151318672 0.0
1.02606636332 2.88721738244 0.0
1.22011301015 6.17053346711 0.0
1.14857299788 -7.47413779688 0.0
3.67467531394 -3.06258813885 0.0
5.52625897105 0.638594393752 0.0
0.215328679891 -3.32355932022 0.0
1.56731173981 -0.103523953263 0.0
2.57176676752 0.755174530273 0.0
0.935996894697 2.55349010325 0.0
1.09274018149 3.78125396492 0.0
4.27223873818 -5.17470413341 0.0
-0.747961078626 3.40402547582 0.0
-1.68175664046 1.02825411923 0.0
1.3555157441 2.80851149724 0.0
-0.826723765489 -4.33094318607 0.0
-7.65788576999 -0.764963362298 0.0
-1.33420026344 0.0235417949677 0.0
-3.80216474527 -3.79658692107 0.0
0.660667453677 1.79044103093 0.0
1.84397810002 2.75860482206 0.0
-4.17994398384 5.04504293151 0.0
-7.20711029216 6.0755701819 0.0
0.974236938323 2.69688437982 0.0
-3.32404688271 0.783460076666 0.0
0.787539374764 -2.609037508 0.0
-1.40352592684 2.69002145103 0.0
-0.678225367261 -2.13688802479 0.0
-0.0388491838476 3.73533741655 0.0
1.60280917412 0.865325826498 0.0
1.89303938567 0.676203111369 0.0
-7.28128383619 -0.630280740034 0.0
2.13939762426 3.47937189306 0.0
2.50352014676 -1.56301102767 0.0
1.79075637437 -6.04305672686 0.0
2.10729301804 1.26374086891 0.0
-4.32433446864 1.70013477541 0.0
4.7955024752 3.09196654539 0.0
5.24703648329 2.72829733724 0.0
2.30421989676 2.31410799379 0.0
-2.82194776626 -0.409731551282 0.0
2.36347686478 5.112979637 0.0
1.01358629393 -2.88116883677 0.0
-0.498549941152 2.04938290016 0.0
4.23031109646 -3.76606599674 0.0
2.78943462614 -1.56304659806 0.0
-2.2116913944 -4.06606853668 0.0
1.01727427164 1.85612922875 0.0
0.244726456744 1.95832470593 0.0
0.231848735587 -4.80492658696 0.0
0.0558563892267 -0.424823735978 0.0
1.21247245826 1.69089371182 0.0
-1.08601234477 2.43955194835 0.0
-2.30938670951 -0.774463653257 0.0
3.35374053804 -0.212669692947 0.0
-2.08774781111 3.18943184014 0.0
-4.18284548226 -0.158593408715 0.0
-0.0704983201183 -0.0763716145805 0.0
2.09908103547 -4.13532780607 0.0
4.04164812151 -1.17498039539 0.0
0.616518823643 1.00363492855 0.0
-2.82990732606 -1.26953533609 0.0
0.839590457405 -4.47747308599 0.0
-3.18447477094 -1.32612255309 0.0
-0.233506705053 -3.2254274874 0.0
-0.592593541111 0.741275523157 0.0
0.0104794371045 1.94515868925 0.0
3.51228760662 -1.2692889246 0.0
-4.27128147916 2.857163554 0.0
-0.136420600546 -4.33820274741 0.0
1.7751915177 -3.47711948717 0.0
2.33971289465 -1.97335045445 0.0
0.54490935353 3.85823044662 0.0
-0.448973211326 -1.87023018652 0.0
0.135574636022 2.68637301595 0.0
-2.70469630615 -0.859735600168 0.0
-0.577897074192 5.57975885364 0.0
2.03472167179 8.19340128692 0.0
-3.95292043589 2.6331921147 0.0
4.93175959492 1.019562724 0.0
-0.624718665118 1.07485968253 0.0
2.23470201419 -2.65814307136 0.0
-4.2551465203 1.67742724921 0.0
1.19455401762 0.796497047435 0.0
2.94063461648 2.41907024093 0.0
0.12617687734 0.781327395375 0.0
-1.15763656563 -0.027585381571 0.0
2.48581960567 0.866337661131 0.0
0.173762305551 -3.09732852742 0.0
5.05997568271 2.22943691519 0.0
-1.29404520102 -1.20927940889 0.0
0.66462659726 4.88969089145 0.0
0.0760226005935 0.470675511331 0.0
-0.442392666252 -0.738608595639 0.0
-3.00013655169 1.42599500704 0.0
-5.99476653121 5.92001761644 0.0
-0.486449179744 -3.25367928431 0.0
3.19469221507 2.24935534003 0.0
2.86313352519 -1.48727366125 0.0
2.05338544431 1.64133346925 0.0
3.40551912181 5.77554439414 0.0
4.03146974998 -0.651939487011 0.0
-1.39010965635 -1.45704136845 0.0
1.7752277797 -3.08097220707 0.0
-1.92625257852 -2.77605272254 0.0
0.00102404370791 -0.761304900497 0.0
7.36393233247 -1.55439539795 0.0
3.96054495868 -2.25103308968 0.0
0.643713121845 -1.37791279154 0.0
1.34066640967 4.18321223286 0.0
-2.70597326345 -0.100314666062 0.0
-0.582219863788 -1.05594163775 0.0
1.71164270653 1.16310484179 0.0
-0.321343022213 -0.754182959759 0.0
-0.440934260225 0.412693066406 0.0
2.41901794003 6.20014888072 0.0
2.95950220964 4.86496117284 0.0
1.12491758763 -3.59291919 0.0
-1.24226133257 1.46176169936 0.0
-0.66767285427 -1.13426566561 0.0
0.0135315222509 1.80559085392 0.0
-2.62107320849 -5.00988214773 0.0
0.9187134915 2.55216497017 0.0
0.717515191401 -1.44314914857 0.0
-0.481197428323 -0.359655494664 0.0
-3.43952735645 1.45942201763 0.0
0.804342871165 2.57127257591 0.0
1.89399645563 3.63382601299 0.0
0.5151722142 0.761369643533 0.0
-1.92305146109 -1.782218167 0.0
-1.69817821007 -3.04735151781 0.0
2.62789746562 6.68642041228 0.0
-0.575968816654 2.70445042937 0.0
-3.190929623 -4.82326543949 0.0
4.59782095646 -0.0122237124728 0.0
-0.401454630336 1.41431557891 0.0
1.4182673525 3.12334008044 0.0
-1.49518528418 2.21028314265 0.0
-1.82214071367 -2.12473483425 0.0
-0.57397158801 -2.97714782151 0.0
1.29891685768 -2.3088768219 0.0
3.15350872717 -1.87415256282 0.0
-3.39974839253 -1.92308838587 0.0
2.07281480774 1.26272060604 0.0
-2.1839801905 -2.82893612199 0.0
-1.75230645058 6.95232474782 0.0
0.642401959356 -5.66015567478 0.0
-3.59704343553 -0.379372585224 0.0
2.87880197794 -1.70234522497 0.0
-4.9590232875 -2.23479315522 0.0
8.29975453424 5.65714667458 0.0
-0.439869586315 5.02377703034 0.0
-0.0442065107625 -1.56921175281 0.0
-0.46597965383 1.13404578609 0.0
6.31628693289 0.35806915352 0.0
