equilater_T=15.5555555556
20
1 1 1 1 1 1 1 1 1 1 1 1 1 1 1 1 1 1 1 1
3.12246204831 3.94416129724 0.0
4.24492409662 3.94416129724 0.0
5.36738614493 3.94416129724 0.0
6.48984819324 3.94416129724 0.0
7.61231024155 3.94416129724 0.0
3.12246204831 5.88832259448 0.0
4.24492409662 5.88832259448 0.0
5.36738614493 5.88832259448 0.0
6.48984819324 5.88832259448 0.0
7.61231024155 5.88832259448 0.0
3.68369307246 4.91624194586 0.0
4.80615512077 4.91624194586 0.0
5.92861716908 4.91624194586 0.0
7.05107921739 4.91624194586 0.0
8.1735412657 4.91624194586 0.0
3.68369307246 6.8604032431 0.0
4.80615512077 6.8604032431 0.0
5.92861716908 6.8604032431 0.0
7.05107921739 6.8604032431 0.0
8.1735412657 6.8604032431 0.0
-4.6059200591 -0.313028510647 0.0
6.12110555739 0.414097238541 0.0
1.65486425004 -1.85457223549 0.0
-1.26374948463 3.12775193373 0.0
4.76884519666 -5.55094876067 0.0
3.68040574464 3.15437733733 0.0
-2.96586706676 1.4617054099 0.0
2.90655002098 -5.10583244864 0.0
-2.9384727551 2.13422048101 0.0
1.51635660613 -0.829540938313 0.0
-0.174727665016 2.34388751786 0.0
4.49035660615 0.924247815134 0.0
-3.98000549257 -0.263394050973 0.0
-0.837654422358 1.49745539531 0.0
9.29202326272 -3.57361803419 0.0
4.36323101658 2.39251893726 0.0
4.2016682786 1.40304246104 0.0
0.667799040691 -0.395478445702 0.0
1.35756124135 3.4389384942 0.0
0.497613932622 5.69008326922 0.0
