equilater_T=5.0
30
1 1 1 1 1 1 1 1 1 1 1 1 1 1 1 1 1 1 1 1 1 1 1 1 1 1 1 1 1 1
0.25 0.25 0.0
1.25 0.25 0.0
2.25 0.25 0.0
3.25 0.25 0.0
4.25 0.25 0.0
0.25 1.98205080757 0.0
1.25 1.98205080757 0.0
2.25 1.98205080757 0.0
3.25 1.98205080757 0.0
4.25 1.98205080757 0.0
0.25 3.71410161514 0.0
1.25 3.71410161514 0.0
2.25 3.71410161514 0.0
3.25 3.71410161514 0.0
4.25 3.71410161514 0.0
0.75 1.11602540378 0.0
1.75 1.11602540378 0.0
2.75 1.11602540378 0.0
3.75 1.11602540378 0.0
4.75 1.11602540378 0.0
0.75 2.84807621135 0.0
1.75 2.84807621135 0.0
2.75 2.84807621135 0.0
3.75 2.84807621135 0.0
4.75 2.84807621135 0.0
0.75 4.58012701892 0.0
1.75 4.58012701892 0.0
2.75 4.58012701892 0.0
3.75 4.58012701892 0.0
4.75 4.58012701892 0.0
-0.621988241464 -1.02247324554 0.0
-0.1255690479 1.62017873057 0.0
-2.40719186737 -2.5660539468 0.0
-0.074425335128 -0.170536646922 0.0
1.11549658822 -5.68390807151 0.0
5.72607611811 4.39513051621 0.0
-1.55227822737 3.33257114406 0.0
-1.21814913427 -0.512739552758 0.0
2.15402441055 2.60900649207 0.0
-3.1091638588 3.13748813815 0.0
1.55673436601 -4.94678211384 0.0
3.21613686105 -0.231952761576 0.0
1.83320566132 -3.66122930453 0.0
-1.78521542897 -1.26217974652 0.0
-0.105043485046 -1.34664876347 0.0
3.6975841203 -0.7472334596 0.0
1.13946068916 1.13634659051 0.0
-0.536637860787 1.65584598449 0.0
2.74983360494 1.32490460118 0.0
-0.101570922247 2.46707345796 0.0
-0.25240600198 -3.86657150853 0.0
-0.784542575879 1.14883164901 0.0
-3.45101110164 -1.97371991026 0.0
-3.70871944038 3.74582818874 0.0
-2.98524739837 -1.08183548045 0.0
3.5735606599 -1.6945659942 0.0
-5.67683809422 -3.18918914567 0.0
1.99475411015 -1.18450408194 0.0
-0.147446057765 0.0375815526334 0.0
0.500719694255 1.05449833167 0.0
