equilater_T=15.0
30
1 1 1 1 1 1 1 1 1 1 1 1 1 1 1 1 1 1 1 1 1 1 1 1 1 1 1 1 1 1
0.25 0.25 0.0
1.25 0.25 0.0
2.25 0.25 0.0
3.25 0.25 0.0
4.25 0.25 0.0
0.25 1.98205080757 0.0
1.25 1.98205080757 0.0
2.25 1.98205080757 0.0
3.25 1.98205080757 0.0
4.25 1.98205080757 0.0
0.25 3.71410161514 0.0
1.25 3.71410161514 0.0
2.25 3.71410161514 0.0
3.25 3.71410161514 0.0
4.25 3.71410161514 0.0
0.75 1.11602540378 0.0
1.75 1.11602540378 0.0
2.75 1.11602540378 0.0
3.75 1.11602540378 0.0
4.75 1.11602540378 0.0
0.75 2.84807621135 0.0
1.75 2.84807621135 0.0
2.75 2.84807621135 0.0
3.75 2.84807621135 0.0
4.75 2.84807621135 0.0
0.75 4.58012701892 0.0
1.75 4.58012701892 0.0
2.75 4.58012701892 0.0
3.75 4.58012701892 0.0
4.75 4.58012701892 0.0
3.25893452033 -2.82251774907 0.0
-4.01001617956 -0.225582450713 0.0
-1.16828074747 2.38480988975 0.0
-8.2790220091 -5.09389799003 0.0
4.10925224791 -7.00738785344 0.0
3.1720292209 0.776794144621 0.0
-3.44726266539 -2.32036259313 0.0
-5.59549341626 -0.953084220131 0.0
-6.60509110273 -2.14022606414 0.0
-3.22779449916 -0.622746990856 0.0
-3.44273604327 -3.28552039664 0.0
-0.669246288315 -0.875507736458 0.0
0.967125804509 4.06436048165 0.0
-0.55177722471 -3.01580561628 0.0
-6.15616828203 0.0534488978571 0.0
6.62254450626 -1.30320779676 0.0
3.27577969501 2.19131183863 0.0
2.07471453471 -1.8443762748 0.0
-3.69065722046 4.99731785451 0.0
-4.15925798122 1.4715782646 0.0
-3.13622065685 1.220057893 0.0
-0.140972477815 7.8407283309 0.0
-9.87224468823 4.01381428033 0.0
0.0136116695622 -0.0939167035678 0.0
2.87537746776 1.86336817351 0.0
-6.28748233819 0.334650734501 0.0
0.53098817595 2.29131983344 0.0
-2.57779620525 5.23756167462 0.0
5.19908713919 -0.799331132911 0.0
-1.32447075502 -2.76375531532 0.0
