equilater_T=3.15789473684
200
1 1 1 1 1 1 1 1 1 1 1 1 1 1 1 1 1 1 1 1 1 1 1 1 1 1 1 1 1 1 1 1 1 1 1 1 1 1 1 1 1 1 1 1 1 1 1 1 1 1 1 1 1 1 1 1 1 1 1 1 1 1 1 1 1 1 1 1 1 1 1 1 1 1 1 1 1 1 1 1 1 1 1 1 1 1 1 1 1 1 1 1 1 1 1 1 1 1 1 1 1 1 1 1 1 1 1 1 1 1 1 1 1 1 1 1 1 1 1 1 1 1 1 1 1 1 1 1 1 1 1 1 1 1 1 1 1 1 1 1 1 1 1 1 1 1 1 1 1 1 1 1 1 1 1 1 1 1 1 1 1 1 1 1 1 1 1 1 1 1 1 1 1 1 1 1 1 1 1 1 1 1 1 1 1 1 1 1 1 1 1 1 1 1 1 1 1 1 1 1
1.0 1.73205080757 0.0
2.0 1.73205080757 0.0
3.0 1.73205080757 0.0
4.0 1.73205080757 0.0
5.0 1.73205080757 0.0
6.0 1.73205080757 0.0
7.0 1.73205080757 0.0
8.0 1.73205080757 0.0
9.0 1.73205080757 0.0
10.0 1.73205080757 0.0
1.0 3.46410161514 0.0
2.0 3.46410161514 0.0
3.0 3.46410161514 0.0
4.0 3.46410161514 0.0
5.0 3.46410161514 0.0
6.0 3.46410161514 0.0
7.0 3.46410161514 0.0
8.0 3.46410161514 0.0
9.0 3.46410161514 0.0
10.0 3.46410161514 0.0
1.0 5.19615242271 0.0
2.0 5.19615242271 0.0
3.0 5.19615242271 0.0
4.0 5.19615242271 0.0
5.0 5.19615242271 0.0
6.0 5.19615242271 0.0
7.0 5.19615242271 0.0
8.0 5.19615242271 0.0
9.0 5.19615242271 0.0
10.0 5.19615242271 0.0
1.0 6.92820323028 0.0
2.0 6.92820323028 0.0
3.0 6.92820323028 0.0
4.0 6.92820323028 0.0
5.0 6.92820323028 0.0
6.0 6.92820323028 0.0
7.0 6.92820323028 0.0
8.0 6.92820323028 0.0
9.0 6.92820323028 0.0
10.0 6.92820323028 0.0
1.0 8.66025403784 0.0
2.0 8.66025403784 0.0
3.0 8.66025403784 0.0
4.0 8.66025403784 0.0
5.0 8.66025403784 0.0
6.0 8.66025403784 0.0
7.0 8.66025403784 0.0
8.0 8.66025403784 0.0
9.0 8.66025403784 0.0
10.0 8.66025403784 0.0
1.0 10.3923048454 0.0
2.0 10.3923048454 0.0
3.0 10.3923048454 0.0
4.0 10.3923048454 0.0
5.0 10.3923048454 0.0
6.0 10.3923048454 0.0
7.0 10.3923048454 0.0
8.0 10.3923048454 0.0
9.0 10.3923048454 0.0
10.0 10.3923048454 0.0
1.0 12.124355653 0.0
2.0 12.124355653 0.0
3.0 12.124355653 0.0
4.0 12.124355653 0.0
5.0 12.124355653 0.0
6.0 12.124355653 0.0
7.0 12.124355653 0.0
8.0 12.124355653 0.0
9.0 12.124355653 0.0
10.0 12.124355653 0.0
1.0 13.8564064606 0.0
2.0 13.8564064606 0.0
3.0 13.8564064606 0.0
4.0 13.8564064606 0.0
5.0 13.8564064606 0.0
6.0 13.8564064606 0.0
7.0 13.8564064606 0.0
8.0 13.8564064606 0.0
9.0 13.8564064606 0.0
10.0 13.8564064606 0.0
1.0 15.5884572681 0.0
2.0 15.5884572681 0.0
3.0 15.5884572681 0.0
4.0 15.5884572681 0.0
5.0 15.5884572681 0.0
6.0 15.5884572681 0.0
7.0 15.5884572681 0.0
8.0 15.5884572681 0.0
9.0 15.5884572681 0.0
10.0 15.5884572681 0.0
1.0 17.3205080757 0.0
2.0 17.3205080757 0.0
3.0 17.3205080757 0.0
4.0 17.3205080757 0.0
5.0 17.3205080757 0.0
6.0 17.3205080757 0.0
7.0 17.3205080757 0.0
8.0 17.3205080757 0.0
9.0 17.3205080757 0.0
10.0 17.3205080757 0.0
1.5 2.59807621135 0.0
2.5 2.59807621135 0.0
3.5 2.59807621135 0.0
4.5 2.59807621135 0.0
5.5 2.59807621135 0.0
6.5 2.59807621135 0.0
7.5 2.59807621135 0.0
8.5 2.59807621135 0.0
9.5 2.59807621135 0.0
10.5 2.59807621135 0.0
1.5 4.33012701892 0.0
2.5 4.33012701892 0.0
3.5 4.33012701892 0.0
4.5 4.33012701892 0.0
5.5 4.33012701892 0.0
6.5 4.33012701892 0.0
7.5 4.33012701892 0.0
8.5 4.33012701892 0.0
9.5 4.33012701892 0.0
10.5 4.33012701892 0.0
1.5 6.06217782649 0.0
2.5 6.06217782649 0.0
3.5 6.06217782649 0.0
4.5 6.06217782649 0.0
5.5 6.06217782649 0.0
6.5 6.06217782649 0.0
7.5 6.06217782649 0.0
8.5 6.06217782649 0.0
9.5 6.06217782649 0.0
10.5 6.06217782649 0.0
1.5 7.79422863406 0.0
2.5 7.79422863406 0.0
3.5 7.79422863406 0.0
4.5 7.79422863406 0.0
5.5 7.79422863406 0.0
6.5 7.79422863406 0.0
7.5 7.79422863406 0.0
8.5 7.79422863406 0.0
9.5 7.79422863406 0.0
10.5 7.79422863406 0.0
1.5 9.52627944163 0.0
2.5 9.52627944163 0.0
3.5 9.52627944163 0.0
4.5 9.52627944163 0.0
5.5 9.52627944163 0.0
6.5 9.52627944163 0.0
7.5 9.52627944163 0.0
8.5 9.52627944163 0.0
9.5 9.52627944163 0.0
10.5 9.52627944163 0.0
1.5 11.2583302492 0.0
2.5 11.2583302492 0.0
3.5 11.2583302492 0.0
4.5 11.2583302492 0.0
5.5 11.2583302492 0.0
6.5 11.2583302492 0.0
7.5 11.2583302492 0.0
8.5 11.2583302492 0.0
9.5 11.2583302492 0.0
10.5 11.2583302492 0.0
1.5 12.9903810568 0.0
2.5 12.9903810568 0.0
3.5 12.9903810568 0.0
4.5 12.9903810568 0.0
5.5 12.9903810568 0.0
6.5 12.9903810568 0.0
7.5 12.9903810568 0.0
8.5 12.9903810568 0.0
9.5 12.9903810568 0.0
10.5 12.9903810568 0.0
1.5 14.7224318643 0.0
2.5 14.7224318643 0.0
3.5 14.7224318643 0.0
4.5 14.7224318643 0.0
5.5 14.7224318643 0.0
6.5 14.7224318643 0.0
7.5 14.7224318643 0.0
8.5 14.7224318643 0.0
9.5 14.7224318643 0.0
10.5 14.7224318643 0.0
1.5 16.4544826719 0.0
2.5 16.4544826719 0.0
3.5 16.4544826719 0.0
4.5 16.4544826719 0.0
5.5 16.4544826719 0.0
6.5 16.4544826719 0.0
7.5 16.4544826719 0.0
8.5 16.4544826719 0.0
9.5 16.4544826719 0.0
10.5 16.4544826719 0.0
1.5 18.1865334795 0.0
2.5 18.1865334795 0.0
3.5 18.1865334795 0.0
4.5 18.1865334795 0.0
5.5 18.1865334795 0.0
6.5 18.1865334795 0.0
7.5 18.1865334795 0.0
8.5 18.1865334795 0.0
9.5 18.1865334795 0.0
10.5 18.1865334795 0.0
0.877346201727 0.889644081051 0.0
0.0922563622637 0.391276549629 0.0
-0.689630874221 3.12240404412 0.0
3.69946658631 0.873427723731 0.0
-1.24466086256 2.75997743525 0.0
-1.90759510621 2.27470193046 0.0
-2.59573820369 -0.225824450106 0.0
-1.50173556083 -1.99277952612 0.0
-1.68172736591 0.183214335669 0.0
0.139298310557 -1.51094982551 0.0
-1.10749664969 -1.12075002899 0.0
-1.60956073655 -4.2504146154 0.0
-1.8749712285 2.3959527757 0.0
1.84912772343 -0.145831941885 0.0
-3.03761210532 -1.72376023394 0.0
1.76887777591 -1.99066747172 0.0
4.3726266766 2.83521809646 0.0
1.0024992441 1.80028121673 0.0
-1.44322914421 -1.76863509759 0.0
1.25950914444 0.119162377606 0.0
1.81857420648 -1.70326400154 0.0
-0.131321766008 -1.41141097232 0.0
-0.987468756067 2.55629968504 0.0
-0.914026305614 -0.340620738005 0.0
1.4863560819 3.69214599746 0.0
1.26145185606 -1.32449890015 0.0
0.555983264951 -2.38364812596 0.0
-1.20091144234 -1.02560885002 0.0
0.961743176981 0.217497346433 0.0
-2.24020577417 1.30143749463 0.0
0.404521410828 -1.37077745698 0.0
-4.24558344184 -0.95185453201 0.0
4.12067356274 0.430759988238 0.0
0.0932534902349 1.45348915825 0.0
-2.16471227715 -1.83437525082 0.0
-0.353347241983 -0.219392298194 0.0
0.0487182020028 -1.48319912466 0.0
3.05771552109 0.00537008044916 0.0
0.061821943197 1.90212841902 0.0
0.034450635742 0.0899802984583 0.0
-0.59377346489 0.067395681354 0.0
3.55294388947 -2.56770096749 0.0
-2.23072314479 0.802778436088 0.0
0.764754093758 -1.01153363282 0.0
0.581642697263 0.44015252776 0.0
-1.09680015249 -1.07349789369 0.0
0.6967567966 3.54992437887 0.0
-2.30885643849 1.09314959168 0.0
1.37467296172 -1.10670014368 0.0
1.88684594982 -1.93819395791 0.0
2.11398598211 -1.12733029039 0.0
-1.49198922361 -1.95125164074 0.0
1.05261408446 -0.234323378123 0.0
-4.33711481323 -0.345658783199 0.0
2.00995472361 -0.00864716022233 0.0
0.514053403969 -3.02124527851 0.0
-2.60361411122 1.94295414686 0.0
-0.53272486242 -2.07771435471 0.0
1.08147612201 -1.55129967419 0.0
-0.154617924354 -0.688866270677 0.0
1.85346068379 -3.30281759699 0.0
-1.63236335544 -0.256388360017 0.0
-0.808438766064 -1.2845368344 0.0
-2.95698626136 -1.06416107822 0.0
-2.48057630495 -1.93724779875 0.0
1.51941012955 1.09277156605 0.0
0.659226374699 2.47875029306 0.0
0.361610102056 -0.943948059369 0.0
5.27072606753 0.791530109035 0.0
0.945362810662 0.666081160455 0.0
-2.64180069613 -1.78510176877 0.0
1.63592323097 -0.072055373463 0.0
-1.90985256013 -0.0416200694216 0.0
0.302279609964 -0.171867486362 0.0
-0.651867713363 0.212929909776 0.0
-0.36716533531 0.0295971887199 0.0
-2.96759862218 0.290264557851 0.0
-0.573820819414 1.79570154654 0.0
0.640770912454 -1.38290648141 0.0
2.69242422924 0.875600678126 0.0
1.61881277213 1.87276129298 0.0
3.0419883041 1.40580904133 0.0
2.39730183084 -0.430000304609 0.0
0.633433508221 1.07135802305 0.0
0.956992959374 -0.520275352854 0.0
1.20495519251 -3.84184587586 0.0
-1.10071268581 0.0323654670803 0.0
0.0538577171826 -2.55610654636 0.0
-0.234577126026 -0.258679431527 0.0
2.44753021108 0.299131774861 0.0
2.12105206683 0.98099159887 0.0
0.538696424695 -0.196818559168 0.0
-2.44310478336 -0.40397051251 0.0
1.78540490777 -0.826516717743 0.0
-1.47937673192 1.08279278507 0.0
-0.428089099806 -1.2559092602 0.0
1.78074039033 0.964332292024 0.0
0.233826756792 -1.62938990416 0.0
2.22397896742 3.15094599141 0.0
1.22355870651 3.58293565282 0.0
1.31279577633 -2.12656451155 0.0
-2.82073509099 1.79173981289 0.0
2.28853300145 -2.64244435072 0.0
-3.16489804997 0.00814300439613 0.0
0.534823955675 0.567312616394 0.0
-1.25479074047 -1.91908641864 0.0
0.97529368948 2.40971505496 0.0
-0.270862208839 0.520905538427 0.0
-5.42984235391 -0.919625133145 0.0
-1.7950746901 -0.993349793117 0.0
0.649299046819 -2.61307179462 0.0
0.046589736065 -1.00407464975 0.0
2.03368052583 1.12641440156 0.0
-1.26808694146 -1.25380982739 0.0
-1.59416539583 0.472332420623 0.0
-0.606496358457 -0.537316529167 0.0
-0.0764514176112 -0.253211103055 0.0
3.77041509565 0.972736966074 0.0
-1.89038368607 -0.163481125332 0.0
1.57839517737 0.49564127488 0.0
0.730655010233 1.49058895193 0.0
0.156027782591 0.333966905992 0.0
-0.251891572231 2.29102323807 0.0
-0.422381849677 0.148365402416 0.0
-1.06551867884 -0.763277822462 0.0
-1.68071816162 -1.31295774962 0.0
3.77179323948 -4.63239115637 0.0
-1.04797734866 0.0897678536458 0.0
2.05691080668 -0.631548656764 0.0
-2.17095353433 -1.31451956406 0.0
2.6479529494 -3.41660868273 0.0
2.25991394655 1.36983567746 0.0
-0.920248587293 -1.04113959487 0.0
1.40293888326 1.16510700317 0.0
0.436564441395 -1.75381716828 0.0
-1.61559928021 -3.06089779743 0.0
-0.306848006108 -1.52910347964 0.0
1.04871404689 -0.613148662873 0.0
-0.168330628928 -4.52192333216 0.0
7.82055073652 2.12510647055 0.0
0.819567251187 -0.197973167247 0.0
-0.747951561868 1.0338726182 0.0
-2.82313706914 -0.998524903361 0.0
1.3560554724 1.75890466223 0.0
1.37696746036 -1.13572530859 0.0
-1.39533384305 -1.377611792 0.0
-0.405331012691 0.675386797327 0.0
-3.05754399036 1.76769702001 0.0
-2.16421597696 0.605114074468 0.0
-1.33041295062 -0.145066943986 0.0
0.00371696032157 -1.50214051395 0.0
-0.878902282227 -1.69662196838 0.0
1.33754460785 -2.82755013757 0.0
-0.424867424375 0.706141863281 0.0
-0.379028189535 -3.11353593028 0.0
1.02218650349 -0.174933976979 0.0
1.66608589104 1.36142441613 0.0
3.10487770923 1.44404808246 0.0
-2.8668344441 -1.1838774364 0.0
0.638721008405 1.52512078403 0.0
-1.44298750357 -1.48519415238 0.0
1.30627299685 -1.61194675541 0.0
-1.67281751959 -1.99622836524 0.0
1.22336708201 -1.03570568275 0.0
-1.55322155434 -1.79448161251 0.0
-0.910680512903 0.361113462016 0.0
0.974997711904 -1.15738693478 0.0
4.32493405371 2.09255761563 0.0
0.545791343551 -1.60060223031 0.0
-2.57764580843 -2.14734939359 0.0
0.518572303091 -2.33738768443 0.0
2.80966251221 2.7780859592 0.0
-1.01743023299 -0.837692116625 0.0
0.451243171016 0.298949100037 0.0
-3.03027552426 0.678483735435 0.0
2.56861806848 0.821975177649 0.0
-0.702289304228 5.69212201317 0.0
1.66126310133 -0.904297661729 0.0
0.362919850747 -0.432984653002 0.0
-1.71107646678 -1.87591727525 0.0
0.626607070933 -1.21252650406 0.0
-0.389860639218 2.29198791892 0.0
0.826859937792 0.189712428818 0.0
-1.5339695013 0.562643015644 0.0
1.81240889211 -2.66701852287 0.0
-3.78627991984 0.955223973956 0.0
-1.68329664301 -0.430065993365 0.0
-1.90418670432 -0.819171052561 0.0
-1.85594296828 -0.294381290762 0.0
1.30281404939 -2.89580168083 0.0
-0.250013270592 1.321399948 0.0
1.75840094155 1.71248632277 0.0
-1.14719813626 -3.61309299911 0.0
-0.604733493257 1.53110197973 0.0
2.52894512435 2.57477241082 0.0
-0.15314319012 -0.86459322638 0.0
-0.047102362011 -2.116110158 0.0
-1.30990688737 2.09602416319 0.0
-0.774086283789 -1.77384739092 0.0
0.347679413001 1.77112490172 0.0
