equilater_T=6.84210526316
200
1 1 1 1 1 1 1 1 1 1 1 1 1 1 1 1 1 1 1 1 1 1 1 1 1 1 1 1 1 1 1 1 1 1 1 1 1 1 1 1 1 1 1 1 1 1 1 1 1 1 1 1 1 1 1 1 1 1 1 1 1 1 1 1 1 1 1 1 1 1 1 1 1 1 1 1 1 1 1 1 1 1 1 1 1 1 1 1 1 1 1 1 1 1 1 1 1 1 1 1 1 1 1 1 1 1 1 1 1 1 1 1 1 1 1 1 1 1 1 1 1 1 1 1 1 1 1 1 1 1 1 1 1 1 1 1 1 1 1 1 1 1 1 1 1 1 1 1 1 1 1 1 1 1 1 1 1 1 1 1 1 1 1 1 1 1 1 1 1 1 1 1 1 1 1 1 1 1 1 1 1 1 1 1 1 1 1 1 1 1 1 1 1 1 1 1 1 1 1 1
1.0 1.73205080757 0.0
2.0 1.73205080757 0.0
3.0 1.73205080757 0.0
4.0 1.73205080757 0.0
5.0 1.73205080757 0.0
6.0 1.73205080757 0.0
7.0 1.73205080757 0.0
8.0 1.73205080757 0.0
9.0 1.73205080757 0.0
10.0 1.73205080757 0.0
1.0 3.46410161514 0.0
2.0 3.46410161514 0.0
3.0 3.46410161514 0.0
4.0 3.46410161514 0.0
5.0 3.46410161514 0.0
6.0 3.46410161514 0.0
7.0 3.46410161514 0.0
8.0 3.46410161514 0.0
9.0 3.46410161514 0.0
10.0 3.46410161514 0.0
1.0 5.19615242271 0.0
2.0 5.19615242271 0.0
3.0 5.19615242271 0.0
4.0 5.19615242271 0.0
5.0 5.19615242271 0.0
6.0 5.19615242271 0.0
7.0 5.19615242271 0.0
8.0 5.19615242271 0.0
9.0 5.19615242271 0.0
10.0 5.19615242271 0.0
1.0 6.92820323028 0.0
2.0 6.92820323028 0.0
3.0 6.92820323028 0.0
4.0 6.92820323028 0.0
5.0 6.92820323028 0.0
6.0 6.92820323028 0.0
7.0 6.92820323028 0.0
8.0 6.92820323028 0.0
9.0 6.92820323028 0.0
10.0 6.92820323028 0.0
1.0 8.66025403784 0.0
2.0 8.66025403784 0.0
3.0 8.66025403784 0.0
4.0 8.66025403784 0.0
5.0 8.66025403784 0.0
6.0 8.66025403784 0.0
7.0 8.66025403784 0.0
8.0 8.66025403784 0.0
9.0 8.66025403784 0.0
10.0 8.66025403784 0.0
1.0 10.3923048454 0.0
2.0 10.3923048454 0.0
3.0 10.3923048454 0.0
4.0 10.3923048454 0.0
5.0 10.3923048454 0.0
6.0 10.3923048454 0.0
7.0 10.3923048454 0.0
8.0 10.3923048454 0.0
9.0 10.3923048454 0.0
10.0 10.3923048454 0.0
1.0 12.124355653 0.0
2.0 12.124355653 0.0
3.0 12.124355653 0.0
4.0 12.124355653 0.0
5.0 12.124355653 0.0
6.0 12.124355653 0.0
7.0 12.124355653 0.0
8.0 12.124355653 0.0
9.0 12.124355653 0.0
10.0 12.124355653 0.0
1.0 13.8564064606 0.0
2.0 13.8564064606 0.0
3.0 13.8564064606 0.0
4.0 13.8564064606 0.0
5.0 13.8564064606 0.0
6.0 13.8564064606 0.0
7.0 13.8564064606 0.0
8.0 13.8564064606 0.0
9.0 13.8564064606 0.0
10.0 13.8564064606 0.0
1.0 15.5884572681 0.0
2.0 15.5884572681 0.0
3.0 15.5884572681 0.0
4.0 15.5884572681 0.0
5.0 15.5884572681 0.0
6.0 15.5884572681 0.0
7.0 15.5884572681 0.0
8.0 15.5884572681 0.0
9.0 15.5884572681 0.0
10.0 15.5884572681 0.0
1.0 17.3205080757 0.0
2.0 17.3205080757 0.0
3.0 17.3205080757 0.0
4.0 17.3205080757 0.0
5.0 17.3205080757 0.0
6.0 17.3205080757 0.0
7.0 17.3205080757 0.0
8.0 17.3205080757 0.0
9.0 17.3205080757 0.0
10.0 17.3205080757 0.0
1.5 2.59807621135 0.0
2.5 2.59807621135 0.0
3.5 2.59807621135 0.0
4.5 2.59807621135 0.0
5.5 2.59807621135 0.0
6.5 2.59807621135 0.0
7.5 2.59807621135 0.0
8.5 2.59807621135 0.0
9.5 2.59807621135 0.0
10.5 2.59807621135 0.0
1.5 4.33012701892 0.0
2.5 4.33012701892 0.0
3.5 4.33012701892 0.0
4.5 4.33012701892 0.0
5.5 4.33012701892 0.0
6.5 4.33012701892 0.0
7.5 4.33012701892 0.0
8.5 4.33012701892 0.0
9.5 4.33012701892 0.0
10.5 4.33012701892 0.0
1.5 6.06217782649 0.0
2.5 6.06217782649 0.0
3.5 6.06217782649 0.0
4.5 6.06217782649 0.0
5.5 6.06217782649 0.0
6.5 6.06217782649 0.0
7.5 6.06217782649 0.0
8.5 6.06217782649 0.0
9.5 6.06217782649 0.0
10.5 6.06217782649 0.0
1.5 7.79422863406 0.0
2.5 7.79422863406 0.0
3.5 7.79422863406 0.0
4.5 7.79422863406 0.0
5.5 7.79422863406 0.0
6.5 7.79422863406 0.0
7.5 7.79422863406 0.0
8.5 7.79422863406 0.0
9.5 7.79422863406 0.0
10.5 7.79422863406 0.0
1.5 9.52627944163 0.0
2.5 9.52627944163 0.0
3.5 9.52627944163 0.0
4.5 9.52627944163 0.0
5.5 9.52627944163 0.0
6.5 9.52627944163 0.0
7.5 9.52627944163 0.0
8.5 9.52627944163 0.0
9.5 9.52627944163 0.0
10.5 9.52627944163 0.0
1.5 11.2583302492 0.0
2.5 11.2583302492 0.0
3.5 11.2583302492 0.0
4.5 11.2583302492 0.0
5.5 11.2583302492 0.0
6.5 11.2583302492 0.0
7.5 11.2583302492 0.0
8.5 11.2583302492 0.0
9.5 11.2583302492 0.0
10.5 11.2583302492 0.0
1.5 12.9903810568 0.0
2.5 12.9903810568 0.0
3.5 12.9903810568 0.0
4.5 12.9903810568 0.0
5.5 12.9903810568 0.0
6.5 12.9903810568 0.0
7.5 12.9903810568 0.0
8.5 12.9903810568 0.0
9.5 12.9903810568 0.0
10.5 12.9903810568 0.0
1.5 14.7224318643 0.0
2.5 14.7224318643 0.0
3.5 14.7224318643 0.0
4.5 14.7224318643 0.0
5.5 14.7224318643 0.0
6.5 14.7224318643 0.0
7.5 14.7224318643 0.0
8.5 14.7224318643 0.0
9.5 14.7224318643 0.0
10.5 14.7224318643 0.0
1.5 16.4544826719 0.0
2.5 16.4544826719 0.0
3.5 16.4544826719 0.0
4.5 16.4544826719 0.0
5.5 16.4544826719 0.0
6.5 16.4544826719 0.0
7.5 16.4544826719 0.0
8.5 16.4544826719 0.0
9.5 16.4544826719 0.0
10.5 16.4544826719 0.0
1.5 18.1865334795 0.0
2.5 18.1865334795 0.0
3.5 18.1865334795 0.0
4.5 18.1865334795 0.0
5.5 18.1865334795 0.0
6.5 18.1865334795 0.0
7.5 18.1865334795 0.0
8.5 18.1865334795 0.0
9.5 18.1865334795 0.0
10.5 18.1865334795 0.0
-2.20268038437 -0.806556218716 0.0
-0.752386594793 0.636499334252 0.0
-0.842499300486 2.05536486569 0.0
4.10740803598 4.18720257581 0.0
-0.423727885252 -1.20900198989 0.0
2.22409772252 4.37932054096 0.0
0.581518646697 0.176012212919 0.0
1.39461951937 -0.187355456665 0.0
2.72653468683 0.479932480514 0.0
0.579927223777 -0.0266682617301 0.0
-1.03600027987 0.0314848425509 0.0
2.67482083644 0.934345043934 0.0
-2.43914477017 0.57849156749 0.0
-1.15218275831 -0.116701649088 0.0
1.08674393693 -2.80790126217 0.0
-0.135533393476 1.67117738886 0.0
1.42092994264 1.07322718744 0.0
4.58894613938 3.74613135863 0.0
-2.22211462986 -5.3598709752 0.0
-1.5503345261 -0.252391811752 0.0
-2.41221641736 1.34546114911 0.0
3.53950125714 3.79367304653 0.0
-2.56211510293 1.34889068051 0.0
4.2357872019 1.99107724349 0.0
-3.3899776502 4.315525134 0.0
-6.9123073949 0.468986132825 0.0
0.450333157522 -3.19832452011 0.0
0.84781411287 -0.149448741958 0.0
4.00146500129 -1.96001819754 0.0
-1.73166166852 -1.35213476571 0.0
1.31282222197 2.56167806617 0.0
-1.01745232379 -3.85709090911 0.0
-1.10193778591 -1.29966652522 0.0
-1.62324501521 1.62810519647 0.0
-0.323064834654 0.904872441677 0.0
-2.26062640137 3.25960424356 0.0
1.63735283791 -6.91987507434 0.0
1.0646978846 -3.09108995219 0.0
1.48477350171 3.46203739438 0.0
-1.76503954455 1.01208421751 0.0
-3.58355291392 -1.594043923 0.0
0.574096994972 1.80638250633 0.0
-4.02452676605 5.00126925354 0.0
1.99915044933 2.38415725024 0.0
1.23102188368 -4.10056791024 0.0
0.501484913572 -1.20606342548 0.0
2.21438975303 -0.984834550282 0.0
6.12935486009 -1.86430438297 0.0
-2.84975146285 -3.18639503325 0.0
0.48435482079 0.245752274613 0.0
0.803057551338 -1.45364596873 0.0
4.43845422249 1.37703601691 0.0
0.582577580365 1.87203728654 0.0
-0.445946792287 -0.0354722973257 0.0
-0.0625477141489 0.635521566899 0.0
1.05011994798 1.2922071902 0.0
-3.8701537535 -1.52910974366 0.0
-0.908348885834 -2.69053195693 0.0
-3.91980847127 -3.51152553666 0.0
1.25277849467 -2.96932741819 0.0
-1.86535217507 1.35182261961 0.0
1.34561039075 0.543350555668 0.0
0.109748763577 -1.01336687763 0.0
2.39236112605 2.60396122199 0.0
0.389602433049 1.01314280078 0.0
3.80189060105 -1.70762739032 0.0
-0.198906703306 -1.70592728748 0.0
-0.0916402703603 -1.24978726652 0.0
4.05100552018 -0.306929279692 0.0
2.47231552691 -2.52767851889 0.0
-5.86479787914 -1.61238424767 0.0
0.22056147373 -1.28410231487 0.0
-1.94705066923 0.104341408401 0.0
2.13425691359 -0.263489538757 0.0
-0.00289557551227 -2.51947968006 0.0
-0.636629450941 -0.211775378434 0.0
1.33049615506 1.62788119121 0.0
1.0805223797 6.61847891546 0.0
3.11372202426 3.09715288772 0.0
3.46030949753 -1.1356821874 0.0
-3.35083621635 1.57631138265 0.0
1.6536152233 0.564388826899 0.0
0.621199624184 1.84190979002 0.0
1.39956688425 0.533745670944 0.0
3.81636201268 1.74403829779 0.0
0.263959253036 -1.8512533142 0.0
-0.110385760276 -1.52707299313 0.0
5.44666920131 2.30417721943 0.0
4.36950621853 2.81964395844 0.0
0.812604452447 3.85292918576 0.0
2.53506889148 3.26118078683 0.0
-0.827760334166 0.658456527425 0.0
2.42165662501 1.12057809921 0.0
5.11857403187 1.62607136832 0.0
-3.31501650715 -1.10911422005 0.0
-1.89917187277 -1.21800577036 0.0
0.601024057704 -3.46386853027 0.0
-3.15253080881 -2.45284653461 0.0
2.46028559345 -5.03495523069 0.0
5.23635746283 0.722943143534 0.0
-2.7564092791 -0.103846688772 0.0
0.76012744557 5.01041330276 0.0
6.64480884675 -0.872611387806 0.0
-0.0417822458896 -2.80024407562 0.0
1.83635004919 -0.724422057589 0.0
1.3871646295 1.93712053387 0.0
-3.15348631014 1.2970999516 0.0
-0.00294549787311 1.47333452806 0.0
0.974901271241 4.1421674484 0.0
1.71000466623 2.36155443655 0.0
-5.20854508703 -1.72617446209 0.0
-2.18227367738 -0.161390574328 0.0
0.760412185521 1.07334727093 0.0
-0.446768283034 -1.06063726498 0.0
0.413049854314 -0.970095606124 0.0
-4.14231303262 2.96611232499 0.0
3.05965193638 -2.15278887965 0.0
-0.33917936948 0.163003991416 0.0
5.10720718519 4.55768830151 0.0
0.761775759129 -2.24559987108 0.0
0.229306348354 0.691848605548 0.0
-0.367903215383 -3.15411572535 0.0
-1.35031891981 -0.595183440629 0.0
-2.95464526001 -5.03507423564 0.0
0.440897684695 -2.77540085724 0.0
-2.76455258859 -0.0682257136486 0.0
-3.63280317922 1.02466969138 0.0
-0.465487396954 0.585468031732 0.0
1.38204564431 3.46352798294 0.0
1.22740043834 3.84149375338 0.0
2.23096412677 -3.84301661648 0.0
3.41247683356 2.49353173846 0.0
4.84584246101 0.403182281065 0.0
-2.03937346586 -0.395469444153 0.0
4.42360744462 0.415037783685 0.0
0.488606280195 -7.28371620343 0.0
-0.951129864406 -0.869677927832 0.0
-1.52000494971 2.05371850533 0.0
-2.85847355721 -1.63303095772 0.0
0.547369837455 -3.37936299225 0.0
-0.917824488711 9.33087240613 0.0
5.04516905348 -2.34005880441 0.0
2.73428237261 -7.65953773772 0.0
1.49534366459 -1.65948494204 0.0
0.658069580705 0.7869299586 0.0
2.41671514271 0.463196763875 0.0
-0.737413823848 0.503291196975 0.0
-3.84774874623 2.16233165046 0.0
3.38350520442 -2.85912492975 0.0
-3.19781680246 0.54633260575 0.0
-1.12998488771 0.546345311806 0.0
2.06408684377 0.702750838832 0.0
2.9936670433 -0.141050459 0.0
-0.406292629605 1.51064173582 0.0
1.20638299644 -3.18072010071 0.0
2.49076294428 -2.25887795775 0.0
-0.559363040746 2.67109176426 0.0
1.26350699379 -0.451300857749 0.0
2.97959917062 -2.6138959479 0.0
3.13351817041 2.01070210701 0.0
1.30589931021 5.0911811319 0.0
3.50027590468 2.98908908645 0.0
-0.949760112385 -1.13207462647 0.0
0.577832985672 -4.45061469567 0.0
0.355419043528 0.251752323807 0.0
-5.7437578472 0.813812962136 0.0
-1.69433781648 -6.08392458582 0.0
1.58515835515 1.92322366355 0.0
0.850432844818 -0.743003049712 0.0
-4.60538713348 -1.43720982939 0.0
-1.57435708142 -1.46108650967 0.0
0.0447939843432 -3.15445516214 0.0
3.83995965961 -1.6557710605 0.0
-3.57929847477 -1.61588503306 0.0
1.39152028496 3.47558505319 0.0
0.570937468043 5.19211396564 0.0
2.74536078891 -2.34814109528 0.0
0.476544188467 -0.629266350081 0.0
2.40793639555 5.5827039944 0.0
1.92706845573 0.696765587271 0.0
4.78500768761 -1.09460152275 0.0
-4.772758897 -1.51541306904 0.0
-2.94466918559 2.45904761777 0.0
1.43316590265 3.76771046081 0.0
-1.17874014654 4.59984889239 0.0
1.04905921769 -0.281206761825 0.0
1.6676967859 -1.6086596486 0.0
-4.94166931805 3.19493110426 0.0
2.48044091742 -3.76643815773 0.0
-3.28908664377 0.503114495151 0.0
-1.18182502467 -0.664336572482 0.0
3.05210548165 4.66289813555 0.0
0.0668105165949 -4.58707757442 0.0
-0.698118146791 4.0603865889 0.0
0.973986106714 1.1813303821 0.0
0.366804077197 -0.321391493013 0.0
2.82050549248 1.21357800792 0.0
-1.76202996776 0.0457512608478 0.0
2.53211422363 0.112233979128 0.0
2.82221189865 -1.7937598282 0.0
