equilater50_T=36.8421052632
50
1 1 1 1 1 1 1 1 1 1 1 1 1 1 1 1 1 1 1 1 1 1 1 1 1 1 1 1 1 1 1 1 1 1 1 1 1 1 1 1 1 1 1 1 1 1 1 1 1 1
12.5224620483 10.9441612972 0.0
13.6449240966 10.9441612972 0.0
14.7673861449 10.9441612972 0.0
15.8898481932 10.9441612972 0.0
17.0123102415 10.9441612972 0.0
12.5224620483 12.8883225945 0.0
13.6449240966 12.8883225945 0.0
14.7673861449 12.8883225945 0.0
15.8898481932 12.8883225945 0.0
17.0123102415 12.8883225945 0.0
12.5224620483 14.8324838917 0.0
13.6449240966 14.8324838917 0.0
14.7673861449 14.8324838917 0.0
15.8898481932 14.8324838917 0.0
17.0123102415 14.8324838917 0.0
12.5224620483 16.776645189 0.0
13.6449240966 16.776645189 0.0
14.7673861449 16.776645189 0.0
15.8898481932 16.776645189 0.0
17.0123102415 16.776645189 0.0
12.5224620483 18.7208064862 0.0
13.6449240966 18.7208064862 0.0
14.7673861449 18.7208064862 0.0
15.8898481932 18.7208064862 0.0
17.0123102415 18.7208064862 0.0
13.0836930725 11.9162419459 0.0
14.2061551208 11.9162419459 0.0
15.3286171691 11.9162419459 0.0
16.4510792174 11.9162419459 0.0
17.5735412657 11.9162419459 0.0
13.0836930725 13.8604032431 0.0
14.2061551208 13.8604032431 0.0
15.3286171691 13.8604032431 0.0
16.4510792174 13.8604032431 0.0
17.5735412657 13.8604032431 0.0
13.0836930725 15.8045645403 0.0
14.2061551208 15.8045645403 0.0
15.3286171691 15.8045645403 0.0
16.4510792174 15.8045645403 0.0
17.5735412657 15.8045645403 0.0
13.0836930725 17.7487258376 0.0
14.2061551208 17.7487258376 0.0
15.3286171691 17.7487258376 0.0
16.4510792174 17.7487258376 0.0
17.5735412657 17.7487258376 0.0
13.0836930725 19.6928871348 0.0
14.2061551208 19.6928871348 0.0
15.3286171691 19.6928871348 0.0
16.4510792174 19.6928871348 0.0
17.5735412657 19.6928871348 0.0
-7.64027429961 -1.4322898202 0.0
10.4761391124 -5.48349009471 0.0
9.0581497287 -6.31108636862 0.0
0.444413403589 -5.78361003277 0.0
4.96353972645 7.15495711908 0.0
-1.63109526912 -2.01528740739 0.0
-4.99123306446 0.180571760727 0.0
-14.1852051396 -8.32309222129 0.0
-16.3228496524 -2.0499902093 0.0
-7.845601883 -0.497566115708 0.0
4.30625898124 -6.28018931852 0.0
1.87669258079 -9.33899205717 0.0
-0.273195276568 -5.40360226122 0.0
14.8422515193 -9.08628613021 0.0
-5.84668090189 6.18865578227 0.0
-16.1140462527 4.48108309375 0.0
10.392266921 3.70350478106 0.0
9.84950489759 5.81841155059 0.0
-8.35546532718 -0.769343103591 0.0
-2.22552849132 6.25852752921 0.0
10.3777015153 12.6336185887 0.0
-13.4596874814 4.43912938965 0.0
-9.96038902731 -3.64347032137 0.0
-3.42772462498 -9.31248742144 0.0
-2.96292809031 -12.8321686117 0.0
-2.46803686575 3.23532963413 0.0
-9.13842618502 4.27412629804 0.0
-2.1267115517 -3.01672699265 0.0
-0.682167024422 -2.10425249448 0.0
3.03038250033 4.90408917114 0.0
3.92703480466 -7.38283033988 0.0
1.23431526132 -3.64734028643 0.0
-2.61615439757 -4.37082359028 0.0
5.11362973568 -5.47130803103 0.0
-2.57780053815 -0.100131217188 0.0
-1.08782126784 7.32099661274 0.0
-5.97550542163 3.7091170608 0.0
1.90006583861 -6.64622838577 0.0
2.94421982802 3.71480971259 0.0
-1.73842183405 -7.76644406996 0.0
-0.465351466258 3.66222353732 0.0
4.56696562058 7.68664648695 0.0
3.72869699889 -1.00596708111 0.0
-4.12885306568 8.22812110801 0.0
16.9719165876 -5.68159485035 0.0
0.0991006230286 5.06323539466 0.0
-2.02590309503 5.48118978042 0.0
-3.33253837322 -1.01781508446 0.0
0.83919984848 1.7059989707 0.0
-3.72851872216 -12.5359127724 0.0
