equilater_T=17.7777777778
20
1 1 1 1 1 1 1 1 1 1 1 1 1 1 1 1 1 1 1 1
3.12246204831 3.94416129724 0.0
4.24492409662 3.94416129724 0.0
5.36738614493 3.94416129724 0.0
6.48984819324 3.94416129724 0.0
7.61231024155 3.94416129724 0.0
3.12246204831 5.88832259448 0.0
4.24492409662 5.88832259448 0.0
5.36738614493 5.88832259448 0.0
6.48984819324 5.88832259448 0.0
7.61231024155 5.88832259448 0.0
3.68369307246 4.91624194586 0.0
4.80615512077 4.91624194586 0.0
5.92861716908 4.91624194586 0.0
7.05107921739 4.91624194586 0.0
8.1735412657 4.91624194586 0.0
3.68369307246 6.8604032431 0.0
4.80615512077 6.8604032431 0.0
5.92861716908 6.8604032431 0.0
7.05107921739 6.8604032431 0.0
8.1735412657 6.8604032431 0.0
-3.00331381557 1.28077560587 0.0
1.46963538388 -7.80307517876 0.0
-5.52271476139 -0.746380994064 0.0
1.45353905225 -5.32417760509 0.0
-1.90596318768 -1.17321171021 0.0
-0.715482309938 -1.04776912587 0.0
1.62780690976 2.85441585162 0.0
-8.13703101767 4.46330467996 0.0
6.25823563894 7.6778187248 0.0
4.35246408411 8.64086363165 0.0
1.03782788765 -2.73913283968 0.0
3.5615830023 1.55491287463 0.0
-0.105494248348 -0.963230772498 0.0
-3.63134460289 1.64531534616 0.0
0.196634203399 5.89962620078 0.0
1.1631755041 -0.0325632626919 0.0
4.05043554368 1.36859606876 0.0
5.09721566245 0.745968072704 0.0
-2.73535681538 -6.45970552316 0.0
-1.53245609198 1.87883367659 0.0
