equilater_T=20.0
30
1 1 1 1 1 1 1 1 1 1 1 1 1 1 1 1 1 1 1 1 1 1 1 1 1 1 1 1 1 1
0.25 0.25 0.0
1.25 0.25 0.0
2.25 0.25 0.0
3.25 0.25 0.0
4.25 0.25 0.0
0.25 1.98205080757 0.0
1.25 1.98205080757 0.0
2.25 1.98205080757 0.0
3.25 1.98205080757 0.0
4.25 1.98205080757 0.0
0.25 3.71410161514 0.0
1.25 3.71410161514 0.0
2.25 3.71410161514 0.0
3.25 3.71410161514 0.0
4.25 3.71410161514 0.0
0.75 1.11602540378 0.0
1.75 1.11602540378 0.0
2.75 1.11602540378 0.0
3.75 1.11602540378 0.0
4.75 1.11602540378 0.0
0.75 2.84807621135 0.0
1.75 2.84807621135 0.0
2.75 2.84807621135 0.0
3.75 2.84807621135 0.0
4.75 2.84807621135 0.0
0.75 4.58012701892 0.0
1.75 4.58012701892 0.0
2.75 4.58012701892 0.0
3.75 4.58012701892 0.0
4.75 4.58012701892 0.0
3.51082603752 -4.22185159264 0.0
3.88280832475 -1.71209826763 0.0
-3.29617518505 -1.36747605284 0.0
0.0959116285622 2.61240847658 0.0
4.03060226396 -3.92698629424 0.0
0.751489820387 4.54847152062 0.0
7.36254800098 1.24566172151 0.0
0.644681395321 0.25119703362 0.0
-11.1948404417 0.336718108598 0.0
3.41593126507 7.03186418712 0.0
7.42479608869 5.93506810793 0.0
7.60528476785 -10.5199629102 0.0
-3.66130700494 2.56871056189 0.0
8.25958580634 0.414091925133 0.0
-3.05582061075 1.85821253513 0.0
9.66541349597 4.365773325 0.0
-2.66669779472 2.41744471065 0.0
-0.716401539551 0.943826866189 0.0
-0.377653358123 -7.65222720216 0.0
-3.24885820624 -4.91222395572 0.0
2.61359593772 -2.84052910184 0.0
0.630736086468 -1.73511355473 0.0
-2.48093761297 1.76545540326 0.0
3.00926734117 -5.20620690008 0.0
5.07839415173 -1.05511427877 0.0
1.00177008519 1.23066767495 0.0
1.5574998687 5.32117712353 0.0
-1.00300258668 2.09902965504 0.0
1.890191368 3.53165287722 0.0
-1.52814386129 0.915688126801 0.0
