equilater_T=9.47368421053
200
1 1 1 1 1 1 1 1 1 1 1 1 1 1 1 1 1 1 1 1 1 1 1 1 1 1 1 1 1 1 1 1 1 1 1 1 1 1 1 1 1 1 1 1 1 1 1 1 1 1 1 1 1 1 1 1 1 1 1 1 1 1 1 1 1 1 1 1 1 1 1 1 1 1 1 1 1 1 1 1 1 1 1 1 1 1 1 1 1 1 1 1 1 1 1 1 1 1 1 1 1 1 1 1 1 1 1 1 1 1 1 1 1 1 1 1 1 1 1 1 1 1 1 1 1 1 1 1 1 1 1 1 1 1 1 1 1 1 1 1 1 1 1 1 1 1 1 1 1 1 1 1 1 1 1 1 1 1 1 1 1 1 1 1 1 1 1 1 1 1 1 1 1 1 1 1 1 1 1 1 1 1 1 1 1 1 1 1 1 1 1 1 1 1 1 1 1 1 1 1
1.0 1.73205080757 0.0
2.0 1.73205080757 0.0
3.0 1.73205080757 0.0
4.0 1.73205080757 0.0
5.0 1.73205080757 0.0
6.0 1.73205080757 0.0
7.0 1.73205080757 0.0
8.0 1.73205080757 0.0
9.0 1.73205080757 0.0
10.0 1.73205080757 0.0
1.0 3.46410161514 0.0
2.0 3.46410161514 0.0
3.0 3.46410161514 0.0
4.0 3.46410161514 0.0
5.0 3.46410161514 0.0
6.0 3.46410161514 0.0
7.0 3.46410161514 0.0
8.0 3.46410161514 0.0
9.0 3.46410161514 0.0
10.0 3.46410161514 0.0
1.0 5.19615242271 0.0
2.0 5.19615242271 0.0
3.0 5.19615242271 0.0
4.0 5.19615242271 0.0
5.0 5.19615242271 0.0
6.0 5.19615242271 0.0
7.0 5.19615242271 0.0
8.0 5.19615242271 0.0
9.0 5.19615242271 0.0
10.0 5.19615242271 0.0
1.0 6.92820323028 0.0
2.0 6.92820323028 0.0
3.0 6.92820323028 0.0
4.0 6.92820323028 0.0
5.0 6.92820323028 0.0
6.0 6.92820323028 0.0
7.0 6.92820323028 0.0
8.0 6.92820323028 0.0
9.0 6.92820323028 0.0
10.0 6.92820323028 0.0
1.0 8.66025403784 0.0
2.0 8.66025403784 0.0
3.0 8.66025403784 0.0
4.0 8.66025403784 0.0
5.0 8.66025403784 0.0
6.0 8.66025403784 0.0
7.0 8.66025403784 0.0
8.0 8.66025403784 0.0
9.0 8.66025403784 0.0
10.0 8.66025403784 0.0
1.0 10.3923048454 0.0
2.0 10.3923048454 0.0
3.0 10.3923048454 0.0
4.0 10.3923048454 0.0
5.0 10.3923048454 0.0
6.0 10.3923048454 0.0
7.0 10.3923048454 0.0
8.0 10.3923048454 0.0
9.0 10.3923048454 0.0
10.0 10.3923048454 0.0
1.0 12.124355653 0.0
2.0 12.124355653 0.0
3.0 12.124355653 0.0
4.0 12.124355653 0.0
5.0 12.124355653 0.0
6.0 12.124355653 0.0
7.0 12.124355653 0.0
8.0 12.124355653 0.0
9.0 12.124355653 0.0
10.0 12.124355653 0.0
1.0 13.8564064606 0.0
2.0 13.8564064606 0.0
3.0 13.8564064606 0.0
4.0 13.8564064606 0.0
5.0 13.8564064606 0.0
6.0 13.8564064606 0.0
7.0 13.8564064606 0.0
8.0 13.8564064606 0.0
9.0 13.8564064606 0.0
10.0 13.8564064606 0.0
1.0 15.5884572681 0.0
2.0 15.5884572681 0.0
3.0 15.5884572681 0.0
4.0 15.5884572681 0.0
5.0 15.5884572681 0.0
6.0 15.5884572681 0.0
7.0 15.5884572681 0.0
8.0 15.5884572681 0.0
9.0 15.5884572681 0.0
10.0 15.5884572681 0.0
1.0 17.3205080757 0.0
2.0 17.3205080757 0.0
3.0 17.3205080757 0.0
4.0 17.3205080757 0.0
5.0 17.3205080757 0.0
6.0 17.3205080757 0.0
7.0 17.3205080757 0.0
8.0 17.3205080757 0.0
9.0 17.3205080757 0.0
10.0 17.3205080757 0.0
1.5 2.59807621135 0.0
2.5 2.59807621135 0.0
3.5 2.59807621135 0.0
4.5 2.59807621135 0.0
5.5 2.59807621135 0.0
6.5 2.59807621135 0.0
7.5 2.59807621135 0.0
8.5 2.59807621135 0.0
9.5 2.59807621135 0.0
10.5 2.59807621135 0.0
1.5 4.33012701892 0.0
2.5 4.33012701892 0.0
3.5 4.33012701892 0.0
4.5 4.33012701892 0.0
5.5 4.33012701892 0.0
6.5 4.33012701892 0.0
7.5 4.33012701892 0.0
8.5 4.33012701892 0.0
9.5 4.33012701892 0.0
10.5 4.33012701892 0.0
1.5 6.06217782649 0.0
2.5 6.06217782649 0.0
3.5 6.06217782649 0.0
4.5 6.06217782649 0.0
5.5 6.06217782649 0.0
6.5 6.06217782649 0.0
7.5 6.06217782649 0.0
8.5 6.06217782649 0.0
9.5 6.06217782649 0.0
10.5 6.06217782649 0.0
1.5 7.79422863406 0.0
2.5 7.79422863406 0.0
3.5 7.79422863406 0.0
4.5 7.79422863406 0.0
5.5 7.79422863406 0.0
6.5 7.79422863406 0.0
7.5 7.79422863406 0.0
8.5 7.79422863406 0.0
9.5 7.79422863406 0.0
10.5 7.79422863406 0.0
1.5 9.52627944163 0.0
2.5 9.52627944163 0.0
3.5 9.52627944163 0.0
4.5 9.52627944163 0.0
5.5 9.52627944163 0.0
6.5 9.52627944163 0.0
7.5 9.52627944163 0.0
8.5 9.52627944163 0.0
9.5 9.52627944163 0.0
10.5 9.52627944163 0.0
1.5 11.2583302492 0.0
2.5 11.2583302492 0.0
3.5 11.2583302492 0.0
4.5 11.2583302492 0.0
5.5 11.2583302492 0.0
6.5 11.2583302492 0.0
7.5 11.2583302492 0.0
8.5 11.2583302492 0.0
9.5 11.2583302492 0.0
10.5 11.2583302492 0.0
1.5 12.9903810568 0.0
2.5 12.9903810568 0.0
3.5 12.9903810568 0.0
4.5 12.9903810568 0.0
5.5 12.9903810568 0.0
6.5 12.9903810568 0.0
7.5 12.9903810568 0.0
8.5 12.9903810568 0.0
9.5 12.9903810568 0.0
10.5 12.9903810568 0.0
1.5 14.7224318643 0.0
2.5 14.7224318643 0.0
3.5 14.7224318643 0.0
4.5 14.7224318643 0.0
5.5 14.7224318643 0.0
6.5 14.7224318643 0.0
7.5 14.7224318643 0.0
8.5 14.7224318643 0.0
9.5 14.7224318643 0.0
10.5 14.7224318643 0.0
1.5 16.4544826719 0.0
2.5 16.4544826719 0.0
3.5 16.4544826719 0.0
4.5 16.4544826719 0.0
5.5 16.4544826719 0.0
6.5 16.4544826719 0.0
7.5 16.4544826719 0.0
8.5 16.4544826719 0.0
9.5 16.4544826719 0.0
10.5 16.4544826719 0.0
1.5 18.1865334795 0.0
2.5 18.1865334795 0.0
3.5 18.1865334795 0.0
4.5 18.1865334795 0.0
5.5 18.1865334795 0.0
6.5 18.1865334795 0.0
7.5 18.1865334795 0.0
8.5 18.1865334795 0.0
9.5 18.1865334795 0.0
10.5 18.1865334795 0.0
2.10502156589 2.93759218485 0.0
-2.12976936032 6.94500542497 0.0
-3.25754700842 1.58715593946 0.0
4.62965918135 -4.0206889214 0.0
2.01450977205 4.94509539017 0.0
1.69245353204 0.968270739726 0.0
-0.484746783674 -5.04610234746 0.0
-1.80816109586 -2.48432251703 0.0
-1.56785809464 1.10395906366 0.0
-1.49728608185 -2.04989233433 0.0
-6.68583455511 3.07837172854 0.0
0.816780685395 1.8746402022 0.0
2.33508789713 -1.73023801368 0.0
0.942261829513 -4.37362651194 0.0
0.507838257853 2.09005546352 0.0
-2.22698549171 -3.91127348282 0.0
-4.23349818781 4.51375748186 0.0
0.299594175423 -1.85881511624 0.0
-8.91094034348 -0.525565013595 0.0
-0.296310029806 -2.99543975956 0.0
-5.40571642479 0.607481268609 0.0
-3.03449636347 -3.4022460757 0.0
1.54940917453 0.603584959532 0.0
-1.30494013494 3.63523994426 0.0
-2.63944770602 -0.985244225994 0.0
5.7875231866 1.37708463034 0.0
1.09262930074 0.134870722707 0.0
-1.73175122645 -3.61035791045 0.0
2.92848054412 6.24487907042 0.0
1.50779004058 1.83324561376 0.0
1.97227882025 2.66308800502 0.0
-0.803926286536 -1.44643946277 0.0
-2.57782421933 -7.02545308528 0.0
3.56148909041 0.728046418933 0.0
4.9636960828 -1.23946744492 0.0
1.48498063331 -3.34357565198 0.0
3.70158963713 -3.49865970505 0.0
2.90047240162 -1.2709542242 0.0
0.0386262859845 3.71192185969 0.0
-1.67832086431 3.15694937683 0.0
-2.08099577435 -0.690865647276 0.0
-2.51147732023 2.53679098996 0.0
0.0984669729673 -0.593100441876 0.0
4.90106109321 0.0641805668691 0.0
6.64368665367 5.66302511847 0.0
-3.22881869531 0.643466399891 0.0
-8.07543872153 0.298856238759 0.0
-0.0268464469815 0.150303828521 0.0
4.11794648267 -0.0717981173779 0.0
-1.56036523699 1.36390767227 0.0
-0.726699161393 0.88743149841 0.0
0.570102493231 -5.05087262553 0.0
1.7205987596 -0.389159058648 0.0
-1.98043436448 0.71646871117 0.0
1.75748612731 4.3461576331 0.0
-1.15059719482 0.92269205241 0.0
3.62724592485 0.42602691167 0.0
-1.93768514124 -0.161891930106 0.0
-5.54891532953 -4.71385814631 0.0
-1.55833039008 5.15770316501 0.0
-2.19886888107 1.67959021978 0.0
2.08132994603 -2.80548899761 0.0
0.676720891444 -0.317989154408 0.0
-6.07887998253 5.52760675792 0.0
8.00650294043 -1.86811953413 0.0
-3.33350987368 -4.27265519923 0.0
-1.95924281151 -0.309289974058 0.0
-7.30760955887 -2.93146385185 0.0
2.78509518443 0.558543264264 0.0
-0.676511536283 -1.65722599742 0.0
-1.31471565032 -3.26527994865 0.0
0.105765319342 5.35155542383 0.0
-8.09593508393 -1.87833546437 0.0
-4.72325417691 -1.88626001829 0.0
0.883286254863 0.171622901084 0.0
-0.778698386633 0.970433047731 0.0
-0.117164516501 3.79873158466 0.0
0.464373859787 -1.91770971384 0.0
0.194156290723 -3.34875746728 0.0
0.978063385481 -4.12002926069 0.0
2.81885607474 -3.66947915236 0.0
-1.04868368545 -1.33174271901 0.0
-6.92090229618 -3.58549374689 0.0
-1.99719188385 -5.023251973 0.0
2.61639171706 0.931985026931 0.0
3.12662380571 2.1229194354 0.0
-8.67095529773 -0.479575154726 0.0
2.56002059004 0.646251587345 0.0
-2.70423781927 -3.48310572983 0.0
-0.712883596441 -0.90073914869 0.0
10.1086764188 1.91895511545 0.0
-1.33237853437 -4.67571236198 0.0
1.38969852295 1.25807608737 0.0
4.99014223512 -3.57667118949 0.0
4.73337836221 5.71867525562 0.0
3.86819304151 -0.448661805042 0.0
-2.26048283031 0.530223114575 0.0
4.3582633141 3.43376190179 0.0
-2.03014169734 -1.41545575794 0.0
4.36639861853 0.568439447686 0.0
0.35539573463 -0.961075303619 0.0
-3.88806327345 0.968424434556 0.0
1.01863209847 -0.359355008162 0.0
1.02949260404 -1.56836359373 0.0
-3.7150954163 6.64339989087 0.0
-0.310240325953 2.86844929602 0.0
-1.8804265264 -1.04472631002 0.0
-1.56469262295 -1.77281228992 0.0
2.79599243056 -1.43222160911 0.0
1.42167317077 -2.89003431956 0.0
-2.9526266037 0.238890633479 0.0
-4.04668228714 1.20859114219 0.0
-0.135792686024 2.74088699809 0.0
-5.53322847521 4.75454349228 0.0
-0.453277900628 -0.665283911622 0.0
1.16893098842 2.11719187292 0.0
1.83027862021 2.508970254 0.0
-2.05775549504 -2.29150623272 0.0
1.33193940789 -0.911796176691 0.0
1.99498766844 -0.949741000568 0.0
-2.08313057267 1.10024406286 0.0
-0.857309779385 1.82405776393 0.0
1.96710553745 3.77583249427 0.0
-3.15700055151 1.36168061796 0.0
-1.69967941595 -3.91636116026 0.0
3.16691517156 -0.515675791684 0.0
0.0323408563717 1.79285942534 0.0
-4.25868809502 0.596805010506 0.0
3.72054781569 3.72988798237 0.0
-6.63138452385 1.85277689635 0.0
-1.33817827636 1.2143058103 0.0
-0.977949574041 -1.5564176402 0.0
-2.70577474215 -1.95673682926 0.0
3.3241564785 2.96618634763 0.0
4.25219480633 -3.40672918084 0.0
1.79903163215 2.46170415063 0.0
-2.7199549619 -3.24344406672 0.0
-5.76532224161 -5.08703893205 0.0
-4.87287123122 -1.16455241984 0.0
-0.774894608435 -0.567508584932 0.0
-2.99928357497 6.74577332506 0.0
-0.356215258032 1.97142697462 0.0
-0.603371305668 1.71446253731 0.0
-1.64098369671 0.621035533254 0.0
0.413583397404 1.39247752699 0.0
6.5454918054 -0.353491222764 0.0
-0.59861884681 4.3045562452 0.0
-3.03618521931 2.79924223453 0.0
-3.81316885225 -1.93346805271 0.0
-1.9116854979 -0.757195640552 0.0
-3.48232212774 -1.39090972729 0.0
2.80916108472 -0.160869877859 0.0
3.37086444536 1.76659376317 0.0
-3.37793669847 -2.53299808371 0.0
3.20237720171 -0.133309809716 0.0
-2.58568344016 -0.650332156965 0.0
-3.46910965659 0.0947449894703 0.0
4.40743923651 -1.72699013501 0.0
4.78384412548 5.39451840612 0.0
-0.969425840421 -3.72024695165 0.0
0.340601359638 -2.72581465252 0.0
5.18985758146 -5.43420905899 0.0
-2.46055102209 -2.6051551212 0.0
2.30209032953 0.337513911966 0.0
1.66829136434 1.78944311145 0.0
0.146819286282 0.308471631435 0.0
-3.91628941543 0.642955614172 0.0
1.53068920382 4.29599684277 0.0
-3.80433976553 3.56066419221 0.0
-0.251825558456 -2.63863996349 0.0
-5.72894938816 1.80572333936 0.0
-0.0297858512583 -5.08598242673 0.0
0.107951770394 2.60577078187 0.0
5.7999300713 3.54291116258 0.0
-3.11141735351 -1.10003981037 0.0
-11.0824627809 0.117797149973 0.0
3.36998300589 6.93687233786 0.0
0.373125841374 0.0662908050611 0.0
-1.72755093007 -2.33448205591 0.0
-7.18086622137 -1.05437291877 0.0
-0.677232098066 2.4896089376 0.0
-0.824592987919 1.41872457131 0.0
-0.524242303105 -2.32478490007 0.0
-3.42306002328 -4.56917918929 0.0
-3.32391004275 0.519493886029 0.0
-2.77821383992 -1.9636740453 0.0
-1.75499365559 0.393336850232 0.0
0.19548743056 -1.56456620424 0.0
3.33576230964 3.4329399368 0.0
-1.28626384814 0.363863996264 0.0
-4.41897130127 -1.81681732454 0.0
-5.92184461679 3.34931129129 0.0
3.46843033249 -0.455532281829 0.0
-2.61969336855 -7.18484924221 0.0
1.97374967004 -3.26971809206 0.0
-3.71673389851 -2.56288872505 0.0
0.0879405569379 -0.192564950784 0.0
6.26831356106 -0.679637052163 0.0
0.313103335119 0.996155566732 0.0
0.0939299669547 -2.69571993938 0.0
