equilater_T=8.94736842105
200
1 1 1 1 1 1 1 1 1 1 1 1 1 1 1 1 1 1 1 1 1 1 1 1 1 1 1 1 1 1 1 1 1 1 1 1 1 1 1 1 1 1 1 1 1 1 1 1 1 1 1 1 1 1 1 1 1 1 1 1 1 1 1 1 1 1 1 1 1 1 1 1 1 1 1 1 1 1 1 1 1 1 1 1 1 1 1 1 1 1 1 1 1 1 1 1 1 1 1 1 1 1 1 1 1 1 1 1 1 1 1 1 1 1 1 1 1 1 1 1 1 1 1 1 1 1 1 1 1 1 1 1 1 1 1 1 1 1 1 1 1 1 1 1 1 1 1 1 1 1 1 1 1 1 1 1 1 1 1 1 1 1 1 1 1 1 1 1 1 1 1 1 1 1 1 1 1 1 1 1 1 1 1 1 1 1 1 1 1 1 1 1 1 1 1 1 1 1 1 1
1.0 1.73205080757 0.0
2.0 1.73205080757 0.0
3.0 1.73205080757 0.0
4.0 1.73205080757 0.0
5.0 1.73205080757 0.0
6.0 1.73205080757 0.0
7.0 1.73205080757 0.0
8.0 1.73205080757 0.0
9.0 1.73205080757 0.0
10.0 1.73205080757 0.0
1.0 3.46410161514 0.0
2.0 3.46410161514 0.0
3.0 3.46410161514 0.0
4.0 3.46410161514 0.0
5.0 3.46410161514 0.0
6.0 3.46410161514 0.0
7.0 3.46410161514 0.0
8.0 3.46410161514 0.0
9.0 3.46410161514 0.0
10.0 3.46410161514 0.0
1.0 5.19615242271 0.0
2.0 5.19615242271 0.0
3.0 5.19615242271 0.0
4.0 5.19615242271 0.0
5.0 5.19615242271 0.0
6.0 5.19615242271 0.0
7.0 5.19615242271 0.0
8.0 5.19615242271 0.0
9.0 5.19615242271 0.0
10.0 5.19615242271 0.0
1.0 6.92820323028 0.0
2.0 6.92820323028 0.0
3.0 6.92820323028 0.0
4.0 6.92820323028 0.0
5.0 6.92820323028 0.0
6.0 6.92820323028 0.0
7.0 6.92820323028 0.0
8.0 6.92820323028 0.0
9.0 6.92820323028 0.0
10.0 6.92820323028 0.0
1.0 8.66025403784 0.0
2.0 8.66025403784 0.0
3.0 8.66025403784 0.0
4.0 8.66025403784 0.0
5.0 8.66025403784 0.0
6.0 8.66025403784 0.0
7.0 8.66025403784 0.0
8.0 8.66025403784 0.0
9.0 8.66025403784 0.0
10.0 8.66025403784 0.0
1.0 10.3923048454 0.0
2.0 10.3923048454 0.0
3.0 10.3923048454 0.0
4.0 10.3923048454 0.0
5.0 10.3923048454 0.0
6.0 10.3923048454 0.0
7.0 10.3923048454 0.0
8.0 10.3923048454 0.0
9.0 10.3923048454 0.0
10.0 10.3923048454 0.0
1.0 12.124355653 0.0
2.0 12.124355653 0.0
3.0 12.124355653 0.0
4.0 12.124355653 0.0
5.0 12.124355653 0.0
6.0 12.124355653 0.0
7.0 12.124355653 0.0
8.0 12.124355653 0.0
9.0 12.124355653 0.0
10.0 12.124355653 0.0
1.0 13.8564064606 0.0
2.0 13.8564064606 0.0
3.0 13.8564064606 0.0
4.0 13.8564064606 0.0
5.0 13.8564064606 0.0
6.0 13.8564064606 0.0
7.0 13.8564064606 0.0
8.0 13.8564064606 0.0
9.0 13.8564064606 0.0
10.0 13.8564064606 0.0
1.0 15.5884572681 0.0
2.0 15.5884572681 0.0
3.0 15.5884572681 0.0
4.0 15.5884572681 0.0
5.0 15.5884572681 0.0
6.0 15.5884572681 0.0
7.0 15.5884572681 0.0
8.0 15.5884572681 0.0
9.0 15.5884572681 0.0
10.0 15.5884572681 0.0
1.0 17.3205080757 0.0
2.0 17.3205080757 0.0
3.0 17.3205080757 0.0
4.0 17.3205080757 0.0
5.0 17.3205080757 0.0
6.0 17.3205080757 0.0
7.0 17.3205080757 0.0
8.0 17.3205080757 0.0
9.0 17.3205080757 0.0
10.0 17.3205080757 0.0
1.5 2.59807621135 0.0
2.5 2.59807621135 0.0
3.5 2.59807621135 0.0
4.5 2.59807621135 0.0
5.5 2.59807621135 0.0
6.5 2.59807621135 0.0
7.5 2.59807621135 0.0
8.5 2.59807621135 0.0
9.5 2.59807621135 0.0
10.5 2.59807621135 0.0
1.5 4.33012701892 0.0
2.5 4.33012701892 0.0
3.5 4.33012701892 0.0
4.5 4.33012701892 0.0
5.5 4.33012701892 0.0
6.5 4.33012701892 0.0
7.5 4.33012701892 0.0
8.5 4.33012701892 0.0
9.5 4.33012701892 0.0
10.5 4.33012701892 0.0
1.5 6.06217782649 0.0
2.5 6.06217782649 0.0
3.5 6.06217782649 0.0
4.5 6.06217782649 0.0
5.5 6.06217782649 0.0
6.5 6.06217782649 0.0
7.5 6.06217782649 0.0
8.5 6.06217782649 0.0
9.5 6.06217782649 0.0
10.5 6.06217782649 0.0
1.5 7.79422863406 0.0
2.5 7.79422863406 0.0
3.5 7.79422863406 0.0
4.5 7.79422863406 0.0
5.5 7.79422863406 0.0
6.5 7.79422863406 0.0
7.5 7.79422863406 0.0
8.5 7.79422863406 0.0
9.5 7.79422863406 0.0
10.5 7.79422863406 0.0
1.5 9.52627944163 0.0
2.5 9.52627944163 0.0
3.5 9.52627944163 0.0
4.5 9.52627944163 0.0
5.5 9.52627944163 0.0
6.5 9.52627944163 0.0
7.5 9.52627944163 0.0
8.5 9.52627944163 0.0
9.5 9.52627944163 0.0
10.5 9.52627944163 0.0
1.5 11.2583302492 0.0
2.5 11.2583302492 0.0
3.5 11.2583302492 0.0
4.5 11.2583302492 0.0
5.5 11.2583302492 0.0
6.5 11.2583302492 0.0
7.5 11.2583302492 0.0
8.5 11.2583302492 0.0
9.5 11.2583302492 0.0
10.5 11.2583302492 0.0
1.5 12.9903810568 0.0
2.5 12.9903810568 0.0
3.5 12.9903810568 0.0
4.5 12.9903810568 0.0
5.5 12.9903810568 0.0
6.5 12.9903810568 0.0
7.5 12.9903810568 0.0
8.5 12.9903810568 0.0
9.5 12.9903810568 0.0
10.5 12.9903810568 0.0
1.5 14.7224318643 0.0
2.5 14.7224318643 0.0
3.5 14.7224318643 0.0
4.5 14.7224318643 0.0
5.5 14.7224318643 0.0
6.5 14.7224318643 0.0
7.5 14.7224318643 0.0
8.5 14.7224318643 0.0
9.5 14.7224318643 0.0
10.5 14.7224318643 0.0
1.5 16.4544826719 0.0
2.5 16.4544826719 0.0
3.5 16.4544826719 0.0
4.5 16.4544826719 0.0
5.5 16.4544826719 0.0
6.5 16.4544826719 0.0
7.5 16.4544826719 0.0
8.5 16.4544826719 0.0
9.5 16.4544826719 0.0
10.5 16.4544826719 0.0
1.5 18.1865334795 0.0
2.5 18.1865334795 0.0
3.5 18.1865334795 0.0
4.5 18.1865334795 0.0
5.5 18.1865334795 0.0
6.5 18.1865334795 0.0
7.5 18.1865334795 0.0
8.5 18.1865334795 0.0
9.5 18.1865334795 0.0
10.5 18.1865334795 0.0
2.79708969459 0.642970108594 0.0
2.43289376482 3.20967282612 0.0
-0.11240394365 -0.763719979302 0.0
-0.0320753442039 -0.719362903384 0.0
-2.31799164612 0.530638510009 0.0
0.773701144964 0.466467321384 0.0
2.94185023843 4.09787005434 0.0
1.52694884824 -6.98672710498 0.0
-0.0260092951456 -2.33323870173 0.0
-0.185587719109 -0.662912571533 0.0
-2.39886121194 -2.20863171791 0.0
2.37736505039 -2.45999797496 0.0
-2.57683992043 2.97086629033 0.0
-1.35383880472 4.11549273693 0.0
-0.339465448684 1.24850713784 0.0
0.548455627886 2.74086033933 0.0
-1.00587997157 1.72897070138 0.0
-0.297577146876 4.06416676636 0.0
-2.32563277727 0.96847709169 0.0
1.50676869145 -2.76732114013 0.0
0.397688048339 -1.35144559436 0.0
-2.83086235654 3.21248141248 0.0
-0.740323420521 -3.42447979081 0.0
-3.44780000819 0.62631560067 0.0
1.46684506158 -0.329038268438 0.0
2.4248074533 -0.551690475786 0.0
-1.14600584565 -2.70687812763 0.0
-1.80153290922 -3.61236356193 0.0
-1.14918059222 -0.929666307929 0.0
-3.48081857335 0.348442743076 0.0
-0.978769425965 -1.79197582515 0.0
1.94213452226 3.66786252358 0.0
-0.664997041333 3.46518651521 0.0
3.00765658571 0.864400102972 0.0
-1.77347362007 -3.30535893057 0.0
0.521794070233 -2.58095442276 0.0
1.97559303895 -0.45134802574 0.0
1.72905464817 4.01881636999 0.0
2.28176623198 2.40058135413 0.0
0.988252415876 0.0196217811159 0.0
-5.6471664801 -4.25553027888 0.0
3.39802644837 1.3561835303 0.0
0.342917681979 -0.234265548809 0.0
1.3807277197 2.52494889106 0.0
5.75565947469 -1.3932056593 0.0
1.11431143931 0.146791509624 0.0
1.11360120739 2.10036801654 0.0
2.48128523088 -0.464091951296 0.0
2.02444802494 3.14257449008 0.0
2.68433527562 0.146933079575 0.0
2.83992429007 1.17488352809 0.0
-0.300868655784 4.66140733238 0.0
-4.57253514743 -3.46466030578 0.0
-0.383420214866 -0.860331027968 0.0
-2.33743115437 4.3622186145 0.0
-0.612918450096 -0.0938189106331 0.0
0.25230920738 -2.62902666728 0.0
3.20701684583 -1.4055140371 0.0
5.09898991911 0.39729024588 0.0
4.39455854459 2.08501434787 0.0
0.394126947627 0.886073226308 0.0
-2.39539347362 -3.85862923391 0.0
1.86643528178 -1.99061937707 0.0
0.176858322789 0.725238474072 0.0
0.273409881744 -1.60114383426 0.0
1.1987181771 0.354205671027 0.0
1.95951705638 3.6805407558 0.0
-4.34777111027 1.32329555791 0.0
3.30314207595 -0.24490671182 0.0
3.7921774441 1.97267038873 0.0
-6.05560915146 -3.75441004651 0.0
-4.27694186243 -2.19493003037 0.0
3.05099203368 -5.17056869541 0.0
1.72735446014 -0.221053595092 0.0
2.52190705618 0.960091161644 0.0
-0.919457488478 1.25713489006 0.0
-0.348183704949 -2.75142589052 0.0
-0.517450708649 1.53298988835 0.0
-1.97568027944 -2.36409672769 0.0
1.60178979273 1.9562168755 0.0
-3.17388335165 -4.51268073837 0.0
-3.45231002437 2.35149300339 0.0
1.95923951068 0.381443755661 0.0
3.81707702094 -1.07959824889 0.0
-1.63289823802 -1.85633416811 0.0
-0.540957667411 1.13612909612 0.0
-1.43775147836 -1.7326204507 0.0
-2.30845107184 3.65397608678 0.0
-0.0378596013578 3.31260695243 0.0
0.621905713716 3.37588944235 0.0
-2.12581497716 0.797567259108 0.0
4.66175374996 2.4921154048 0.0
1.56482930126 -2.00227228704 0.0
1.37522496983 -0.369560202602 0.0
7.16080339697 -0.976484333442 0.0
1.00693916978 2.57242729454 0.0
1.17128639873 5.90302090934 0.0
-3.09669892027 -2.82695337536 0.0
-3.96374320654 -3.32587950045 0.0
-4.79017394685 -0.709232396961 0.0
2.4647851544 -4.10623631915 0.0
-3.73392421368 -1.72200324214 0.0
6.09747604286 1.7018035671 0.0
0.889759855687 -2.63013817421 0.0
-3.39304729884 2.26592953071 0.0
-1.78148821231 -1.29325689327 0.0
-0.330280935422 -1.57789724858 0.0
-2.60559616347 2.86124632982 0.0
-1.82332133883 -0.446295246784 0.0
-3.26931376617 2.48452319938 0.0
1.41800028441 1.5911637315 0.0
0.866299013497 -2.50757699574 0.0
0.452382167383 -0.114346665113 0.0
4.783942232 0.0359786121887 0.0
3.30202306467 1.07891995678 0.0
0.15303164302 -0.752536917819 0.0
-2.17041167185 -2.30185475003 0.0
-4.26226683333 -2.41288914626 0.0
-2.13512278231 -2.76744614255 0.0
2.65847194251 -0.163290116442 0.0
-0.375604035359 -1.58322786739 0.0
-7.62128346231 -0.649679257824 0.0
-4.74095747921 0.531815791665 0.0
2.81355190862 -2.96016182651 0.0
-1.80208425734 -2.54987413938 0.0
-3.87060800683 -2.36880915979 0.0
-0.209341013271 -2.0519625079 0.0
2.54002922202 -0.898153030571 0.0
-6.50105662724 -0.104815069119 0.0
-0.563181737082 2.53134484378 0.0
7.7875653054 -1.85958468357 0.0
5.43741589833 -2.37066764577 0.0
-6.07865741581 -1.21559155382 0.0
-2.88444956991 0.242961217836 0.0
4.69164210597 -0.823917562319 0.0
-0.463576710242 6.16793190652 0.0
-0.27598834272 1.67888964852 0.0
0.750576202264 -3.14249032627 0.0
-6.39607478805 -2.82440566788 0.0
2.47694539433 -0.602618385192 0.0
-0.237979490436 -3.97695051129 0.0
4.35686359878 -2.30260056934 0.0
-0.978169892252 3.34807967049 0.0
-2.46612429484 2.90347973073 0.0
-2.54153235253 3.07131720038 0.0
0.770761952066 -2.72713409222 0.0
3.00892994079 0.864903391901 0.0
-6.45751160898 0.670455150727 0.0
-2.95053806363 1.46048363453 0.0
1.28921764281 3.75036076672 0.0
-0.87685638039 1.73619673371 0.0
1.29499690834 0.493222731502 0.0
0.798921732844 0.431808884314 0.0
1.32977145076 -3.35738951254 0.0
5.04395806554 -3.51910693729 0.0
-2.83209351385 -0.0290218156955 0.0
-2.05656179662 -0.0336291493473 0.0
1.76204456789 -2.94717125343 0.0
3.39650739054 -2.23552857036 0.0
-0.309222449163 -0.0425341534264 0.0
1.06207829844 2.80737713082 0.0
-2.00443378024 0.707484759244 0.0
-0.344159526394 -2.76318097419 0.0
-0.400846440521 -2.03767980031 0.0
-3.61777114517 -2.91818426921 0.0
1.95788338152 3.06635467086 0.0
0.373461538429 0.40097944795 0.0
0.235424445359 -1.04481282711 0.0
6.38486981322 1.85354570898 0.0
1.11465972426 0.295658409984 0.0
1.27768537426 -5.12918697457 0.0
-4.5086744852 -2.2494648126 0.0
-7.77450554518 2.16344782493 0.0
-2.0861653296 -2.54738888331 0.0
-2.02076455911 6.76616914672 0.0
0.0464881351519 -3.06884988973 0.0
0.460833963105 2.66447003973 0.0
3.99857837184 -3.18176494737 0.0
5.83517282563 0.343267211037 0.0
-3.01869783126 0.39476097973 0.0
-1.44744297319 5.03626460729 0.0
-6.2602777395 1.06540978958 0.0
1.02930231723 -0.757314679785 0.0
-0.418335198563 -0.436609384296 0.0
-2.19392133272 2.21869231148 0.0
-2.71847562594 1.66811596308 0.0
-4.46372870653 2.54714770132 0.0
-2.57800342123 -3.47781378405 0.0
-6.95368813875 1.39077565074 0.0
4.45446865121 1.22257282566 0.0
3.57958664149 3.06270564247 0.0
-0.278153310832 -0.310710106589 0.0
-0.501820150736 4.87683045836 0.0
-2.7011796117 -0.555086455332 0.0
5.43546864233 3.60046736219 0.0
2.18438418182 1.70794200445 0.0
-5.24227083205 1.40089314577 0.0
1.19188478306 0.59506498852 0.0
-0.62419451361 -1.40371515124 0.0
5.35201750294 -0.661707983199 0.0
