equilater_T=2.63157894737
200
1 1 1 1 1 1 1 1 1 1 1 1 1 1 1 1 1 1 1 1 1 1 1 1 1 1 1 1 1 1 1 1 1 1 1 1 1 1 1 1 1 1 1 1 1 1 1 1 1 1 1 1 1 1 1 1 1 1 1 1 1 1 1 1 1 1 1 1 1 1 1 1 1 1 1 1 1 1 1 1 1 1 1 1 1 1 1 1 1 1 1 1 1 1 1 1 1 1 1 1 1 1 1 1 1 1 1 1 1 1 1 1 1 1 1 1 1 1 1 1 1 1 1 1 1 1 1 1 1 1 1 1 1 1 1 1 1 1 1 1 1 1 1 1 1 1 1 1 1 1 1 1 1 1 1 1 1 1 1 1 1 1 1 1 1 1 1 1 1 1 1 1 1 1 1 1 1 1 1 1 1 1 1 1 1 1 1 1 1 1 1 1 1 1 1 1 1 1 1 1
1.0 1.73205080757 0.0
2.0 1.73205080757 0.0
3.0 1.73205080757 0.0
4.0 1.73205080757 0.0
5.0 1.73205080757 0.0
6.0 1.73205080757 0.0
7.0 1.73205080757 0.0
8.0 1.73205080757 0.0
9.0 1.73205080757 0.0
10.0 1.73205080757 0.0
1.0 3.46410161514 0.0
2.0 3.46410161514 0.0
3.0 3.46410161514 0.0
4.0 3.46410161514 0.0
5.0 3.46410161514 0.0
6.0 3.46410161514 0.0
7.0 3.46410161514 0.0
8.0 3.46410161514 0.0
9.0 3.46410161514 0.0
10.0 3.46410161514 0.0
1.0 5.19615242271 0.0
2.0 5.19615242271 0.0
3.0 5.19615242271 0.0
4.0 5.19615242271 0.0
5.0 5.19615242271 0.0
6.0 5.19615242271 0.0
7.0 5.19615242271 0.0
8.0 5.19615242271 0.0
9.0 5.19615242271 0.0
10.0 5.19615242271 0.0
1.0 6.92820323028 0.0
2.0 6.92820323028 0.0
3.0 6.92820323028 0.0
4.0 6.92820323028 0.0
5.0 6.92820323028 0.0
6.0 6.92820323028 0.0
7.0 6.92820323028 0.0
8.0 6.92820323028 0.0
9.0 6.92820323028 0.0
10.0 6.92820323028 0.0
1.0 8.66025403784 0.0
2.0 8.66025403784 0.0
3.0 8.66025403784 0.0
4.0 8.66025403784 0.0
5.0 8.66025403784 0.0
6.0 8.66025403784 0.0
7.0 8.66025403784 0.0
8.0 8.66025403784 0.0
9.0 8.66025403784 0.0
10.0 8.66025403784 0.0
1.0 10.3923048454 0.0
2.0 10.3923048454 0.0
3.0 10.3923048454 0.0
4.0 10.3923048454 0.0
5.0 10.3923048454 0.0
6.0 10.3923048454 0.0
7.0 10.3923048454 0.0
8.0 10.3923048454 0.0
9.0 10.3923048454 0.0
10.0 10.3923048454 0.0
1.0 12.124355653 0.0
2.0 12.124355653 0.0
3.0 12.124355653 0.0
4.0 12.124355653 0.0
5.0 12.124355653 0.0
6.0 12.124355653 0.0
7.0 12.124355653 0.0
8.0 12.124355653 0.0
9.0 12.124355653 0.0
10.0 12.124355653 0.0
1.0 13.8564064606 0.0
2.0 13.8564064606 0.0
3.0 13.8564064606 0.0
4.0 13.8564064606 0.0
5.0 13.8564064606 0.0
6.0 13.8564064606 0.0
7.0 13.8564064606 0.0
8.0 13.8564064606 0.0
9.0 13.8564064606 0.0
10.0 13.8564064606 0.0
1.0 15.5884572681 0.0
2.0 15.5884572681 0.0
3.0 15.5884572681 0.0
4.0 15.5884572681 0.0
5.0 15.5884572681 0.0
6.0 15.5884572681 0.0
7.0 15.5884572681 0.0
8.0 15.5884572681 0.0
9.0 15.5884572681 0.0
10.0 15.5884572681 0.0
1.0 17.3205080757 0.0
2.0 17.3205080757 0.0
3.0 17.3205080757 0.0
4.0 17.3205080757 0.0
5.0 17.3205080757 0.0
6.0 17.3205080757 0.0
7.0 17.3205080757 0.0
8.0 17.3205080757 0.0
9.0 17.3205080757 0.0
10.0 17.3205080757 0.0
1.5 2.59807621135 0.0
2.5 2.59807621135 0.0
3.5 2.59807621135 0.0
4.5 2.59807621135 0.0
5.5 2.59807621135 0.0
6.5 2.59807621135 0.0
7.5 2.59807621135 0.0
8.5 2.59807621135 0.0
9.5 2.59807621135 0.0
10.5 2.59807621135 0.0
1.5 4.33012701892 0.0
2.5 4.33012701892 0.0
3.5 4.33012701892 0.0
4.5 4.33012701892 0.0
5.5 4.33012701892 0.0
6.5 4.33012701892 0.0
7.5 4.33012701892 0.0
8.5 4.33012701892 0.0
9.5 4.33012701892 0.0
10.5 4.33012701892 0.0
1.5 6.06217782649 0.0
2.5 6.06217782649 0.0
3.5 6.06217782649 0.0
4.5 6.06217782649 0.0
5.5 6.06217782649 0.0
6.5 6.06217782649 0.0
7.5 6.06217782649 0.0
8.5 6.06217782649 0.0
9.5 6.06217782649 0.0
10.5 6.06217782649 0.0
1.5 7.79422863406 0.0
2.5 7.79422863406 0.0
3.5 7.79422863406 0.0
4.5 7.79422863406 0.0
5.5 7.79422863406 0.0
6.5 7.79422863406 0.0
7.5 7.79422863406 0.0
8.5 7.79422863406 0.0
9.5 7.79422863406 0.0
10.5 7.79422863406 0.0
1.5 9.52627944163 0.0
2.5 9.52627944163 0.0
3.5 9.52627944163 0.0
4.5 9.52627944163 0.0
5.5 9.52627944163 0.0
6.5 9.52627944163 0.0
7.5 9.52627944163 0.0
8.5 9.52627944163 0.0
9.5 9.52627944163 0.0
10.5 9.52627944163 0.0
1.5 11.2583302492 0.0
2.5 11.2583302492 0.0
3.5 11.2583302492 0.0
4.5 11.2583302492 0.0
5.5 11.2583302492 0.0
6.5 11.2583302492 0.0
7.5 11.2583302492 0.0
8.5 11.2583302492 0.0
9.5 11.2583302492 0.0
10.5 11.2583302492 0.0
1.5 12.9903810568 0.0
2.5 12.9903810568 0.0
3.5 12.9903810568 0.0
4.5 12.9903810568 0.0
5.5 12.9903810568 0.0
6.5 12.9903810568 0.0
7.5 12.9903810568 0.0
8.5 12.9903810568 0.0
9.5 12.9903810568 0.0
10.5 12.9903810568 0.0
1.5 14.7224318643 0.0
2.5 14.7224318643 0.0
3.5 14.7224318643 0.0
4.5 14.7224318643 0.0
5.5 14.7224318643 0.0
6.5 14.7224318643 0.0
7.5 14.7224318643 0.0
8.5 14.7224318643 0.0
9.5 14.7224318643 0.0
10.5 14.7224318643 0.0
1.5 16.4544826719 0.0
2.5 16.4544826719 0.0
3.5 16.4544826719 0.0
4.5 16.4544826719 0.0
5.5 16.4544826719 0.0
6.5 16.4544826719 0.0
7.5 16.4544826719 0.0
8.5 16.4544826719 0.0
9.5 16.4544826719 0.0
10.5 16.4544826719 0.0
1.5 18.1865334795 0.0
2.5 18.1865334795 0.0
3.5 18.1865334795 0.0
4.5 18.1865334795 0.0
5.5 18.1865334795 0.0
6.5 18.1865334795 0.0
7.5 18.1865334795 0.0
8.5 18.1865334795 0.0
9.5 18.1865334795 0.0
10.5 18.1865334795 0.0
2.27819874809 -0.463566640153 0.0
0.838135426715 0.0211869540374 0.0
-1.44156378814 2.28196570382 0.0
1.05223229492 -1.17248210483 0.0
-1.08327631149 2.1628665999 0.0
-0.0968687438162 1.14082327226 0.0
-4.06298595141 0.593170563678 0.0
0.0815757620268 3.26872820849 0.0
0.845192652945 1.27909861448 0.0
0.618262218763 2.58967182295 0.0
1.04262418576 1.28296683526 0.0
-2.3886195021 -0.00401221874985 0.0
-0.349711945007 0.0325441869276 0.0
-0.194848068645 0.0956691742795 0.0
-1.40465857856 1.13675420868 0.0
0.549868204569 1.28275074838 0.0
-1.58716337785 -2.60919709131 0.0
1.54464340105 1.10940771532 0.0
-1.44421533865 0.993193832911 0.0
1.64082548464 0.665201583734 0.0
-1.3864410213 -0.62697090008 0.0
0.0397214212825 -0.0344401782189 0.0
0.343013348063 2.96531105962 0.0
-1.36735639898 1.1148118042 0.0
-0.861710635615 -1.2582403779 0.0
1.84399182406 0.3126635201 0.0
0.13970690701 -0.339368908302 0.0
0.71044758223 -0.412598850994 0.0
3.28894994678 4.82407815362 0.0
-1.08760725302 0.281994355555 0.0
-1.36446720927 1.44975749944 0.0
0.0567582858567 -0.466794278171 0.0
1.28242417512 2.81970064921 0.0
1.0236791322 -0.326377408353 0.0
0.860085500257 -3.58323854258 0.0
-0.749106369912 -1.26915662127 0.0
2.75761763017 1.70489794398 0.0
-2.00917718758 -0.635986690603 0.0
0.901373475409 -2.57999698415 0.0
-1.60754147307 1.1545072601 0.0
0.953811715517 -1.28987520119 0.0
-0.768951667739 0.213870483098 0.0
1.40090765712 2.60578016402 0.0
-2.70379041852 -1.07054144478 0.0
0.66753638861 1.26080576979 0.0
1.05658917568 2.36647764973 0.0
2.62029189516 3.13883989688 0.0
2.75685989841 -4.2941725817 0.0
-0.21012651755 -0.320506864821 0.0
0.469568578296 1.67638348584 0.0
-1.05008527765 1.4596780945 0.0
2.2456503458 -0.772223246775 0.0
1.2381375384 0.107148476223 0.0
0.0716150013001 -0.33853747907 0.0
-3.71610467562 -2.33058277337 0.0
-0.490894921568 -0.494350725386 0.0
-0.383671901662 -3.13236675175 0.0
-2.92638876133 2.31280256067 0.0
1.24207209223 1.9507684491 0.0
-0.449779328093 -0.137183449508 0.0
0.936758747972 -1.00295879062 0.0
4.50216389216 1.74888752687 0.0
1.11983160189 -2.35214814179 0.0
-1.54686763502 2.15661386422 0.0
0.687799439948 -0.0597915670037 0.0
0.956530562857 -0.784792192348 0.0
-0.213097225772 -0.203686849725 0.0
0.28295080242 1.43830722622 0.0
-0.357531385704 -1.29576104379 0.0
1.17413985409 -0.207740146388 0.0
0.785048430655 0.459324897451 0.0
1.69929670205 0.666340271284 0.0
1.85455170217 -0.481381243235 0.0
0.294259737187 0.970783024499 0.0
-0.44402449685 -1.54987878565 0.0
1.9216951495 0.485822821038 0.0
0.465435943859 0.376935090076 0.0
-0.298661107846 -0.76744013554 0.0
1.6044542154 0.319799580987 0.0
1.5113629755 -0.312379410124 0.0
0.0169525464864 -2.14860205635 0.0
0.356232203686 -1.11021248792 0.0
1.38723972952 -2.25744422183 0.0
0.107926251141 -0.013208805201 0.0
1.31878821156 0.0140628895221 0.0
3.56372117617 2.59354811832 0.0
-2.48658516892 1.41397684684 0.0
-1.27613910684 -1.23870896397 0.0
-0.518992706237 -1.20697850021 0.0
0.539456399013 -0.712298405685 0.0
-0.911090621323 0.722181242571 0.0
-0.486183467783 -1.78670440366 0.0
-0.176003012744 1.82654543659 0.0
-2.01542245588 0.530036266882 0.0
3.97380816752 1.23559116594 0.0
-1.89736724657 -1.70309812838 0.0
1.05546422064 1.2368201491 0.0
4.5994677873 0.129731831226 0.0
1.30631876633 -2.18169472751 0.0
1.09449263456 -2.00424072526 0.0
0.873160342986 2.97491760987 0.0
-0.813673893429 -0.467424266272 0.0
-2.22930005098 -0.693569916574 0.0
1.79197537468 2.26019036507 0.0
0.653634645444 0.867407517288 0.0
-1.52754347057 -1.07977888042 0.0
1.13416152155 0.807359311628 0.0
1.95469332537 0.408062185642 0.0
-0.404639013635 -2.22310956367 0.0
1.96507795499 0.987955877078 0.0
-4.46766134907 0.988433647282 0.0
0.0853499629875 1.99094025906 0.0
-1.77225385705 -1.26112135342 0.0
-2.52022464122 -1.49651776068 0.0
-1.4858597374 0.445909277665 0.0
1.71926887865 0.212308045876 0.0
0.911656489671 -1.27117268425 0.0
1.19014742996 -0.0679694672955 0.0
-0.354262327376 0.709624734387 0.0
1.2681073619 -2.15630395778 0.0
-1.21516720306 0.22093971717 0.0
0.211804448551 3.90607979116 0.0
1.88193057719 0.413183912162 0.0
-0.656084707157 -1.44435685978 0.0
-2.66225922609 1.48019231658 0.0
-1.12378576372 -1.8427133308 0.0
-0.604608654878 0.13886436385 0.0
-0.0785536894836 1.29033275579 0.0
-2.23660655733 0.271451843734 0.0
-0.930980250634 1.85124093718 0.0
-1.01652750935 2.21131594552 0.0
-1.86085455313 -0.611028939079 0.0
1.77053945088 -0.533300846139 0.0
0.119564396625 5.8533205114 0.0
1.09873938793 -0.559598766209 0.0
0.383083422236 -1.23116974568 0.0
-0.473851654337 0.849478661434 0.0
-0.797911580623 -0.264068192261 0.0
0.260064810997 -2.50691705967 0.0
-1.33719467893 -2.3869817175 0.0
0.485066134081 1.69824166878 0.0
0.725814768136 2.6344630799 0.0
-0.265221494705 0.942918246055 0.0
2.74412881511 0.436222074713 0.0
0.346800551534 0.656766920541 0.0
-1.28584589825 -1.32011069767 0.0
-2.16047115179 1.05108761419 0.0
-2.76466469178 2.29432461819 0.0
1.5487896058 1.58820703607 0.0
4.60629861695 -0.0919836925003 0.0
-1.58088604635 -3.10224244478 0.0
3.79219793577 -2.26170169145 0.0
-0.515286224302 0.851951186935 0.0
1.35548700478 1.44188782088 0.0
-0.502445260244 -1.9087893178 0.0
1.57577553757 2.17228680881 0.0
-0.818113876482 0.842655035953 0.0
0.772868389611 -0.0789576930852 0.0
-2.67030504483 0.192872920738 0.0
-3.78762766184 -2.08534263077 0.0
1.38002241455 -0.186595390555 0.0
0.475855876522 -4.49437097492 0.0
-1.59320721134 0.318713155607 0.0
1.64923856689 2.5605235808 0.0
1.76910422453 2.47314936713 0.0
1.22713203428 0.485471771021 0.0
0.973827967489 -1.06058749497 0.0
-1.00526783428 1.12343084523 0.0
-1.60023834128 -2.30431357741 0.0
0.720300094003 -1.10047971312 0.0
0.58848315335 -1.52011044536 0.0
1.89390731406 -1.73758214662 0.0
-1.07787440946 1.63863333678 0.0
-0.319122559913 0.993564005396 0.0
-1.36058162502 -0.103077395946 0.0
-1.81513340071 0.244979088887 0.0
0.163924109827 -0.405829278672 0.0
-1.09945131048 -2.36103853479 0.0
-3.54735400776 -2.45849426538 0.0
-2.56311458521 2.79227629973 0.0
0.466264238584 -0.915481675316 0.0
-1.10507963651 -1.27337467324 0.0
1.06323191348 -0.0426136009295 0.0
-1.83316875644 -1.51019123136 0.0
0.29299467785 4.11963339907 0.0
0.969819540635 1.89977465605 0.0
-0.298719388143 2.68409757516 0.0
0.376701746094 0.343297028559 0.0
0.873510897136 -2.38408796326 0.0
-0.000672673112592 -0.457901538019 0.0
-0.234086414017 3.29954685277 0.0
-0.528557700974 -0.290998668774 0.0
-0.234439275737 -0.120118241273 0.0
1.15702616284 0.877930411898 0.0
-0.825172922696 -0.0300637004078 0.0
-0.266970296017 2.17822697304 0.0
4.0818022886 1.42181709689 0.0
-1.28259413928 -3.9738338699 0.0
0.0616125036688 0.20401818841 0.0
-1.36132282306 1.12370829363 0.0
