equilater_T=4.73684210526
200
1 1 1 1 1 1 1 1 1 1 1 1 1 1 1 1 1 1 1 1 1 1 1 1 1 1 1 1 1 1 1 1 1 1 1 1 1 1 1 1 1 1 1 1 1 1 1 1 1 1 1 1 1 1 1 1 1 1 1 1 1 1 1 1 1 1 1 1 1 1 1 1 1 1 1 1 1 1 1 1 1 1 1 1 1 1 1 1 1 1 1 1 1 1 1 1 1 1 1 1 1 1 1 1 1 1 1 1 1 1 1 1 1 1 1 1 1 1 1 1 1 1 1 1 1 1 1 1 1 1 1 1 1 1 1 1 1 1 1 1 1 1 1 1 1 1 1 1 1 1 1 1 1 1 1 1 1 1 1 1 1 1 1 1 1 1 1 1 1 1 1 1 1 1 1 1 1 1 1 1 1 1 1 1 1 1 1 1 1 1 1 1 1 1 1 1 1 1 1 1
1.0 1.73205080757 0.0
2.0 1.73205080757 0.0
3.0 1.73205080757 0.0
4.0 1.73205080757 0.0
5.0 1.73205080757 0.0
6.0 1.73205080757 0.0
7.0 1.73205080757 0.0
8.0 1.73205080757 0.0
9.0 1.73205080757 0.0
10.0 1.73205080757 0.0
1.0 3.46410161514 0.0
2.0 3.46410161514 0.0
3.0 3.46410161514 0.0
4.0 3.46410161514 0.0
5.0 3.46410161514 0.0
6.0 3.46410161514 0.0
7.0 3.46410161514 0.0
8.0 3.46410161514 0.0
9.0 3.46410161514 0.0
10.0 3.46410161514 0.0
1.0 5.19615242271 0.0
2.0 5.19615242271 0.0
3.0 5.19615242271 0.0
4.0 5.19615242271 0.0
5.0 5.19615242271 0.0
6.0 5.19615242271 0.0
7.0 5.19615242271 0.0
8.0 5.19615242271 0.0
9.0 5.19615242271 0.0
10.0 5.19615242271 0.0
1.0 6.92820323028 0.0
2.0 6.92820323028 0.0
3.0 6.92820323028 0.0
4.0 6.92820323028 0.0
5.0 6.92820323028 0.0
6.0 6.92820323028 0.0
7.0 6.92820323028 0.0
8.0 6.92820323028 0.0
9.0 6.92820323028 0.0
10.0 6.92820323028 0.0
1.0 8.66025403784 0.0
2.0 8.66025403784 0.0
3.0 8.66025403784 0.0
4.0 8.66025403784 0.0
5.0 8.66025403784 0.0
6.0 8.66025403784 0.0
7.0 8.66025403784 0.0
8.0 8.66025403784 0.0
9.0 8.66025403784 0.0
10.0 8.66025403784 0.0
1.0 10.3923048454 0.0
2.0 10.3923048454 0.0
3.0 10.3923048454 0.0
4.0 10.3923048454 0.0
5.0 10.3923048454 0.0
6.0 10.3923048454 0.0
7.0 10.3923048454 0.0
8.0 10.3923048454 0.0
9.0 10.3923048454 0.0
10.0 10.3923048454 0.0
1.0 12.124355653 0.0
2.0 12.124355653 0.0
3.0 12.124355653 0.0
4.0 12.124355653 0.0
5.0 12.124355653 0.0
6.0 12.124355653 0.0
7.0 12.124355653 0.0
8.0 12.124355653 0.0
9.0 12.124355653 0.0
10.0 12.124355653 0.0
1.0 13.8564064606 0.0
2.0 13.8564064606 0.0
3.0 13.8564064606 0.0
4.0 13.8564064606 0.0
5.0 13.8564064606 0.0
6.0 13.8564064606 0.0
7.0 13.8564064606 0.0
8.0 13.8564064606 0.0
9.0 13.8564064606 0.0
10.0 13.8564064606 0.0
1.0 15.5884572681 0.0
2.0 15.5884572681 0.0
3.0 15.5884572681 0.0
4.0 15.5884572681 0.0
5.0 15.5884572681 0.0
6.0 15.5884572681 0.0
7.0 15.5884572681 0.0
8.0 15.5884572681 0.0
9.0 15.5884572681 0.0
10.0 15.5884572681 0.0
1.0 17.3205080757 0.0
2.0 17.3205080757 0.0
3.0 17.3205080757 0.0
4.0 17.3205080757 0.0
5.0 17.3205080757 0.0
6.0 17.3205080757 0.0
7.0 17.3205080757 0.0
8.0 17.3205080757 0.0
9.0 17.3205080757 0.0
10.0 17.3205080757 0.0
1.5 2.59807621135 0.0
2.5 2.59807621135 0.0
3.5 2.59807621135 0.0
4.5 2.59807621135 0.0
5.5 2.59807621135 0.0
6.5 2.59807621135 0.0
7.5 2.59807621135 0.0
8.5 2.59807621135 0.0
9.5 2.59807621135 0.0
10.5 2.59807621135 0.0
1.5 4.33012701892 0.0
2.5 4.33012701892 0.0
3.5 4.33012701892 0.0
4.5 4.33012701892 0.0
5.5 4.33012701892 0.0
6.5 4.33012701892 0.0
7.5 4.33012701892 0.0
8.5 4.33012701892 0.0
9.5 4.33012701892 0.0
10.5 4.33012701892 0.0
1.5 6.06217782649 0.0
2.5 6.06217782649 0.0
3.5 6.06217782649 0.0
4.5 6.06217782649 0.0
5.5 6.06217782649 0.0
6.5 6.06217782649 0.0
7.5 6.06217782649 0.0
8.5 6.06217782649 0.0
9.5 6.06217782649 0.0
10.5 6.06217782649 0.0
1.5 7.79422863406 0.0
2.5 7.79422863406 0.0
3.5 7.79422863406 0.0
4.5 7.79422863406 0.0
5.5 7.79422863406 0.0
6.5 7.79422863406 0.0
7.5 7.79422863406 0.0
8.5 7.79422863406 0.0
9.5 7.79422863406 0.0
10.5 7.79422863406 0.0
1.5 9.52627944163 0.0
2.5 9.52627944163 0.0
3.5 9.52627944163 0.0
4.5 9.52627944163 0.0
5.5 9.52627944163 0.0
6.5 9.52627944163 0.0
7.5 9.52627944163 0.0
8.5 9.52627944163 0.0
9.5 9.52627944163 0.0
10.5 9.52627944163 0.0
1.5 11.2583302492 0.0
2.5 11.2583302492 0.0
3.5 11.2583302492 0.0
4.5 11.2583302492 0.0
5.5 11.2583302492 0.0
6.5 11.2583302492 0.0
7.5 11.2583302492 0.0
8.5 11.2583302492 0.0
9.5 11.2583302492 0.0
10.5 11.2583302492 0.0
1.5 12.9903810568 0.0
2.5 12.9903810568 0.0
3.5 12.9903810568 0.0
4.5 12.9903810568 0.0
5.5 12.9903810568 0.0
6.5 12.9903810568 0.0
7.5 12.9903810568 0.0
8.5 12.9903810568 0.0
9.5 12.9903810568 0.0
10.5 12.9903810568 0.0
1.5 14.7224318643 0.0
2.5 14.7224318643 0.0
3.5 14.7224318643 0.0
4.5 14.7224318643 0.0
5.5 14.7224318643 0.0
6.5 14.7224318643 0.0
7.5 14.7224318643 0.0
8.5 14.7224318643 0.0
9.5 14.7224318643 0.0
10.5 14.7224318643 0.0
1.5 16.4544826719 0.0
2.5 16.4544826719 0.0
3.5 16.4544826719 0.0
4.5 16.4544826719 0.0
5.5 16.4544826719 0.0
6.5 16.4544826719 0.0
7.5 16.4544826719 0.0
8.5 16.4544826719 0.0
9.5 16.4544826719 0.0
10.5 16.4544826719 0.0
1.5 18.1865334795 0.0
2.5 18.1865334795 0.0
3.5 18.1865334795 0.0
4.5 18.1865334795 0.0
5.5 18.1865334795 0.0
6.5 18.1865334795 0.0
7.5 18.1865334795 0.0
8.5 18.1865334795 0.0
9.5 18.1865334795 0.0
10.5 18.1865334795 0.0
1.9647399603 -2.9739539028 0.0
0.690020390742 1.60798102511 0.0
1.46861930123 0.725167897333 0.0
1.00712157068 -0.727718435947 0.0
3.22102172706 1.25571475698 0.0
-1.6466389106 -1.00603927797 0.0
-1.32227689764 -0.81140891322 0.0
2.55644432773 -1.58826238316 0.0
3.02089150349 0.200720320541 0.0
1.31526610592 -3.17473185535 0.0
-2.93643180943 0.499031830501 0.0
3.38077535489 1.72291623105 0.0
1.57698332422 3.98094107603 0.0
1.61096581005 -2.92774075186 0.0
3.77666706311 -3.95459166959 0.0
0.794189416553 -1.70501662987 0.0
-5.26742195722 0.193181817213 0.0
-0.797051931216 3.03391515718 0.0
-2.14070254291 0.922961582711 0.0
2.95834503008 -1.30449381511 0.0
3.06462084254 -1.41131024053 0.0
-2.91313175298 -2.14439120549 0.0
-2.71384997193 2.5435071144 0.0
0.222399805291 0.750657801737 0.0
-0.934848612514 -2.76714535542 0.0
-1.62503827561 -0.314351810136 0.0
-2.46344285902 3.99743621496 0.0
1.07382411715 0.297842472402 0.0
-1.97314879616 2.60354307696 0.0
-1.47880775326 -0.72657349637 0.0
1.42308013938 -0.751335004058 0.0
-1.16694692412 -0.355393944977 0.0
0.281470064172 1.64014152507 0.0
-0.356515235122 -2.66413214112 0.0
-3.32630828359 -6.51733385037 0.0
-1.72194393461 -0.766550607166 0.0
-1.38432032706 -3.16564431234 0.0
-1.02066525096 1.18757851747 0.0
-2.22446243303 0.346521634121 0.0
-2.99943797766 1.65998867021 0.0
-0.785269835509 0.127875050246 0.0
-1.39561590661 -4.54004649075 0.0
-3.37698032206 -0.891117346507 0.0
-3.21469433611 0.354502003547 0.0
1.51890653631 4.17437737881 0.0
-0.753663671774 1.18750018775 0.0
-1.92556773726 -0.0398602477352 0.0
-1.51996890276 0.094110827884 0.0
0.759667472098 -0.175089258091 0.0
0.722488317951 -0.63994373983 0.0
-0.387105848291 -1.94547717894 0.0
-2.56690766227 -1.74710006579 0.0
-2.09870537598 0.110398830508 0.0
0.164645494713 -0.0104350139619 0.0
-4.32313332463 2.59106466473 0.0
2.29687680194 0.0961393819539 0.0
0.0670476825623 0.363459149798 0.0
2.87846033919 -2.63694431198 0.0
-0.519970725684 -0.0877997231483 0.0
-2.75779591958 -3.03603303255 0.0
0.0301227879826 -0.307031613754 0.0
-2.26281890598 -1.07250925394 0.0
1.69766362308 1.0174812613 0.0
1.76506497715 -2.27636247368 0.0
-5.42884062617 -0.991793292974 0.0
-0.807687886165 -1.61300053613 0.0
2.28560231653 -1.16248179563 0.0
0.198506324571 0.145204983414 0.0
0.977044678263 2.0630678605 0.0
0.098733395308 0.44913443607 0.0
2.26284821289 -4.93734728255 0.0
2.91283256857 -2.11921853057 0.0
1.1025331363 1.76860296824 0.0
-2.79193505005 -1.95520882523 0.0
1.968066866 -3.03942060585 0.0
1.48952718419 0.930958050218 0.0
2.5130640272 -1.32118817579 0.0
0.624348279797 1.43035068426 0.0
-1.33757522279 -1.22074274144 0.0
0.277073735637 -4.61053594662 0.0
-1.73556503329 -0.913482796009 0.0
-0.974625864808 0.160490351074 0.0
0.178779200258 -0.174158735889 0.0
0.793776479679 -0.803536506702 0.0
-2.52759463688 -1.75817588928 0.0
-3.27585490807 -0.848035798971 0.0
-1.51573895689 -1.31370358602 0.0
-2.60562634615 0.649913906573 0.0
0.985727297148 -0.782257882571 0.0
-1.80748352033 -1.28334402338 0.0
-3.05586744594 -0.959025755349 0.0
1.51022574944 0.70884830044 0.0
-1.92978874673 2.77557974855 0.0
-2.74430258168 1.90430774022 0.0
0.70506246998 -1.48611012109 0.0
-1.25037389715 1.00543760999 0.0
0.780754252978 0.235020042944 0.0
-0.312444772098 0.459417392086 0.0
2.29521679361 2.66676354904 0.0
2.2343792897 -1.64094097755 0.0
-2.24431756547 -1.50109276821 0.0
2.3745334113 0.446420497712 0.0
0.163458887672 0.308968652915 0.0
1.75875462074 1.51806010826 0.0
-4.07232420531 0.719505053563 0.0
4.35749648365 -2.30901751467 0.0
1.54375892716 1.15038927612 0.0
1.38459712119 1.8316744873 0.0
8.34228994744 -1.15597051849 0.0
5.31266984168 2.48622149832 0.0
-1.26994266094 3.33244371194 0.0
0.087180932898 1.41974050148 0.0
4.31338287327 0.978391633426 0.0
4.22507644328 1.8809184319 0.0
0.310324239543 -3.05228849259 0.0
-3.29245763672 2.55437070057 0.0
0.0412171543079 -0.281283178542 0.0
-0.679737015626 4.29692050988 0.0
0.855365174673 -0.980422200815 0.0
3.39993862595 1.4788099897 0.0
-3.23444150271 2.12610648219 0.0
1.6160680318 3.06242221625 0.0
0.971362560378 1.8979665699 0.0
-0.909286811011 0.196743778269 0.0
1.49127162448 -2.19450059512 0.0
3.51191240036 0.684254175002 0.0
-2.13560459305 1.47494206679 0.0
4.09037468276 -1.918717412 0.0
1.42584383986 2.90920357824 0.0
4.73854012799 -2.79188809749 0.0
0.813265131051 0.889703757705 0.0
0.110666474092 -0.59343684455 0.0
0.373792275655 1.96631910079 0.0
-5.38233813304 0.690680476631 0.0
3.05212153003 -1.31758866816 0.0
0.23695470343 -2.53061001632 0.0
1.24309952464 -0.634140296231 0.0
1.92624517198 2.97400342584 0.0
-1.88247271769 1.03965852699 0.0
0.342615578404 -2.33138048325 0.0
0.471963488455 0.49551024075 0.0
1.82330346207 -1.20153223075 0.0
-1.56864445303 2.17986091628 0.0
-0.757410360926 3.30809074889 0.0
-1.45325396801 -2.02767178035 0.0
0.514026130956 -0.588694499243 0.0
-2.98606880646 -0.413590999273 0.0
-0.249506067593 -2.44289691229 0.0
-3.15793716242 -0.878191139372 0.0
-1.07686618138 3.74984145915 0.0
4.06594360572 -0.124854070851 0.0
3.08388876842 -2.52139134723 0.0
0.737402000933 1.06428430971 0.0
0.454160674603 -1.54295695973 0.0
0.807631593415 -1.02626913611 0.0
0.116993475687 -3.82848898214 0.0
4.74059475611 0.465042576416 0.0
0.721167863816 -1.94150447656 0.0
-0.34857911576 0.103466901572 0.0
-1.66122850854 1.05256901728 0.0
2.15694940231 -6.49105241535 0.0
2.01279760941 3.71582869914 0.0
2.75898800706 -0.411483393622 0.0
0.555979282312 3.8643997611 0.0
4.06991929087 -0.0479993289209 0.0
-1.81053722621 -1.03063000017 0.0
5.71950439543 1.69970697203 0.0
-1.97193409483 0.78124809465 0.0
-0.693782733017 0.750406608767 0.0
1.33055667185 -1.57996448982 0.0
0.87909265078 -0.0720660595328 0.0
-0.119830564051 -2.57483258873 0.0
-2.96865848264 1.2270764825 0.0
3.07735489909 -2.54443538419 0.0
0.69047692407 1.29902992185 0.0
0.58885144631 2.31357510794 0.0
1.68093560276 -1.44417598051 0.0
1.30033986031 2.44534716368 0.0
1.31470560834 3.23793404768 0.0
-0.214151069543 -0.424814788812 0.0
0.714296823717 2.48518694303 0.0
5.4793909948 -2.39710500658 0.0
-4.72342926991 1.10597416028 0.0
-2.24672673165 1.58356110103 0.0
1.05007602956 1.22276895797 0.0
1.867452981 -3.18539371403 0.0
-0.766402845865 1.46983968895 0.0
2.01967883788 0.555917880715 0.0
-0.212159309749 0.244277505711 0.0
3.79153573615 -4.08972678565 0.0
-2.06080473642 -4.35445965567 0.0
-2.44093459214 -1.34265069713 0.0
0.591435244198 3.56498755574 0.0
-5.15345847878 4.89529570191 0.0
-1.23813131624 2.75754522979 0.0
2.1865042302 -2.39122969373 0.0
1.52612107108 0.0849219959932 0.0
1.51942707151 -2.79828162018 0.0
3.79395412519 1.73552832931 0.0
-1.80708317112 -2.86575035405 0.0
