equilater_T=5.26315789474
200
1 1 1 1 1 1 1 1 1 1 1 1 1 1 1 1 1 1 1 1 1 1 1 1 1 1 1 1 1 1 1 1 1 1 1 1 1 1 1 1 1 1 1 1 1 1 1 1 1 1 1 1 1 1 1 1 1 1 1 1 1 1 1 1 1 1 1 1 1 1 1 1 1 1 1 1 1 1 1 1 1 1 1 1 1 1 1 1 1 1 1 1 1 1 1 1 1 1 1 1 1 1 1 1 1 1 1 1 1 1 1 1 1 1 1 1 1 1 1 1 1 1 1 1 1 1 1 1 1 1 1 1 1 1 1 1 1 1 1 1 1 1 1 1 1 1 1 1 1 1 1 1 1 1 1 1 1 1 1 1 1 1 1 1 1 1 1 1 1 1 1 1 1 1 1 1 1 1 1 1 1 1 1 1 1 1 1 1 1 1 1 1 1 1 1 1 1 1 1 1
1.0 1.73205080757 0.0
2.0 1.73205080757 0.0
3.0 1.73205080757 0.0
4.0 1.73205080757 0.0
5.0 1.73205080757 0.0
6.0 1.73205080757 0.0
7.0 1.73205080757 0.0
8.0 1.73205080757 0.0
9.0 1.73205080757 0.0
10.0 1.73205080757 0.0
1.0 3.46410161514 0.0
2.0 3.46410161514 0.0
3.0 3.46410161514 0.0
4.0 3.46410161514 0.0
5.0 3.46410161514 0.0
6.0 3.46410161514 0.0
7.0 3.46410161514 0.0
8.0 3.46410161514 0.0
9.0 3.46410161514 0.0
10.0 3.46410161514 0.0
1.0 5.19615242271 0.0
2.0 5.19615242271 0.0
3.0 5.19615242271 0.0
4.0 5.19615242271 0.0
5.0 5.19615242271 0.0
6.0 5.19615242271 0.0
7.0 5.19615242271 0.0
8.0 5.19615242271 0.0
9.0 5.19615242271 0.0
10.0 5.19615242271 0.0
1.0 6.92820323028 0.0
2.0 6.92820323028 0.0
3.0 6.92820323028 0.0
4.0 6.92820323028 0.0
5.0 6.92820323028 0.0
6.0 6.92820323028 0.0
7.0 6.92820323028 0.0
8.0 6.92820323028 0.0
9.0 6.92820323028 0.0
10.0 6.92820323028 0.0
1.0 8.66025403784 0.0
2.0 8.66025403784 0.0
3.0 8.66025403784 0.0
4.0 8.66025403784 0.0
5.0 8.66025403784 0.0
6.0 8.66025403784 0.0
7.0 8.66025403784 0.0
8.0 8.66025403784 0.0
9.0 8.66025403784 0.0
10.0 8.66025403784 0.0
1.0 10.3923048454 0.0
2.0 10.3923048454 0.0
3.0 10.3923048454 0.0
4.0 10.3923048454 0.0
5.0 10.3923048454 0.0
6.0 10.3923048454 0.0
7.0 10.3923048454 0.0
8.0 10.3923048454 0.0
9.0 10.3923048454 0.0
10.0 10.3923048454 0.0
1.0 12.124355653 0.0
2.0 12.124355653 0.0
3.0 12.124355653 0.0
4.0 12.124355653 0.0
5.0 12.124355653 0.0
6.0 12.124355653 0.0
7.0 12.124355653 0.0
8.0 12.124355653 0.0
9.0 12.124355653 0.0
10.0 12.124355653 0.0
1.0 13.8564064606 0.0
2.0 13.8564064606 0.0
3.0 13.8564064606 0.0
4.0 13.8564064606 0.0
5.0 13.8564064606 0.0
6.0 13.8564064606 0.0
7.0 13.8564064606 0.0
8.0 13.8564064606 0.0
9.0 13.8564064606 0.0
10.0 13.8564064606 0.0
1.0 15.5884572681 0.0
2.0 15.5884572681 0.0
3.0 15.5884572681 0.0
4.0 15.5884572681 0.0
5.0 15.5884572681 0.0
6.0 15.5884572681 0.0
7.0 15.5884572681 0.0
8.0 15.5884572681 0.0
9.0 15.5884572681 0.0
10.0 15.5884572681 0.0
1.0 17.3205080757 0.0
2.0 17.3205080757 0.0
3.0 17.3205080757 0.0
4.0 17.3205080757 0.0
5.0 17.3205080757 0.0
6.0 17.3205080757 0.0
7.0 17.3205080757 0.0
8.0 17.3205080757 0.0
9.0 17.3205080757 0.0
10.0 17.3205080757 0.0
1.5 2.59807621135 0.0
2.5 2.59807621135 0.0
3.5 2.59807621135 0.0
4.5 2.59807621135 0.0
5.5 2.59807621135 0.0
6.5 2.59807621135 0.0
7.5 2.59807621135 0.0
8.5 2.59807621135 0.0
9.5 2.59807621135 0.0
10.5 2.59807621135 0.0
1.5 4.33012701892 0.0
2.5 4.33012701892 0.0
3.5 4.33012701892 0.0
4.5 4.33012701892 0.0
5.5 4.33012701892 0.0
6.5 4.33012701892 0.0
7.5 4.33012701892 0.0
8.5 4.33012701892 0.0
9.5 4.33012701892 0.0
10.5 4.33012701892 0.0
1.5 6.06217782649 0.0
2.5 6.06217782649 0.0
3.5 6.06217782649 0.0
4.5 6.06217782649 0.0
5.5 6.06217782649 0.0
6.5 6.06217782649 0.0
7.5 6.06217782649 0.0
8.5 6.06217782649 0.0
9.5 6.06217782649 0.0
10.5 6.06217782649 0.0
1.5 7.79422863406 0.0
2.5 7.79422863406 0.0
3.5 7.79422863406 0.0
4.5 7.79422863406 0.0
5.5 7.79422863406 0.0
6.5 7.79422863406 0.0
7.5 7.79422863406 0.0
8.5 7.79422863406 0.0
9.5 7.79422863406 0.0
10.5 7.79422863406 0.0
1.5 9.52627944163 0.0
2.5 9.52627944163 0.0
3.5 9.52627944163 0.0
4.5 9.52627944163 0.0
5.5 9.52627944163 0.0
6.5 9.52627944163 0.0
7.5 9.52627944163 0.0
8.5 9.52627944163 0.0
9.5 9.52627944163 0.0
10.5 9.52627944163 0.0
1.5 11.2583302492 0.0
2.5 11.2583302492 0.0
3.5 11.2583302492 0.0
4.5 11.2583302492 0.0
5.5 11.2583302492 0.0
6.5 11.2583302492 0.0
7.5 11.2583302492 0.0
8.5 11.2583302492 0.0
9.5 11.2583302492 0.0
10.5 11.2583302492 0.0
1.5 12.9903810568 0.0
2.5 12.9903810568 0.0
3.5 12.9903810568 0.0
4.5 12.9903810568 0.0
5.5 12.9903810568 0.0
6.5 12.9903810568 0.0
7.5 12.9903810568 0.0
8.5 12.9903810568 0.0
9.5 12.9903810568 0.0
10.5 12.9903810568 0.0
1.5 14.7224318643 0.0
2.5 14.7224318643 0.0
3.5 14.7224318643 0.0
4.5 14.7224318643 0.0
5.5 14.7224318643 0.0
6.5 14.7224318643 0.0
7.5 14.7224318643 0.0
8.5 14.7224318643 0.0
9.5 14.7224318643 0.0
10.5 14.7224318643 0.0
1.5 16.4544826719 0.0
2.5 16.4544826719 0.0
3.5 16.4544826719 0.0
4.5 16.4544826719 0.0
5.5 16.4544826719 0.0
6.5 16.4544826719 0.0
7.5 16.4544826719 0.0
8.5 16.4544826719 0.0
9.5 16.4544826719 0.0
10.5 16.4544826719 0.0
1.5 18.1865334795 0.0
2.5 18.1865334795 0.0
3.5 18.1865334795 0.0
4.5 18.1865334795 0.0
5.5 18.1865334795 0.0
6.5 18.1865334795 0.0
7.5 18.1865334795 0.0
8.5 18.1865334795 0.0
9.5 18.1865334795 0.0
10.5 18.1865334795 0.0
-0.569526856187 -2.90178747985 0.0
1.94972922189 -1.83532282579 0.0
0.467365922648 0.400564481915 0.0
3.62524750254 2.36443176184 0.0
1.87739867079 -0.969256294151 0.0
-1.35012619301 2.36941281084 0.0
-1.77503107855 -2.78047794649 0.0
-1.47084260699 -0.616445087184 0.0
0.724489376375 0.484026687197 0.0
1.6960721752 2.70819818472 0.0
-1.39344880913 -1.14791221822 0.0
0.87089728848 1.31189765012 0.0
-3.17816577827 2.56833099419 0.0
1.41736505599 1.03629391974 0.0
3.13981676651 -1.83766615871 0.0
-0.625652584297 -1.1252859762 0.0
-2.6730603932 2.60158242498 0.0
-3.20232529572 1.00824174817 0.0
2.80564162656 0.717393414897 0.0
0.021270856276 4.14225652665 0.0
3.03548663952 -0.309504884619 0.0
-3.40362538768 3.04290536091 0.0
3.30771340639 5.91353642812 0.0
-2.6916019474 -0.32010419692 0.0
5.98916267836 2.33342092275 0.0
0.799677953275 1.27369364791 0.0
-0.283433463203 1.60048483156 0.0
-1.10785901683 -1.17399471824 0.0
0.225241392154 1.65335816497 0.0
-2.01542360796 -0.4355654734 0.0
-2.48798229987 3.85457946017 0.0
-0.0201603836712 -1.46339938509 0.0
0.112981129232 -0.379382777619 0.0
-1.07560485394 -0.455427680837 0.0
-0.678952758731 -3.7088761641 0.0
-2.58252025023 -0.916983986777 0.0
-0.948380915751 -0.754897325218 0.0
1.82064714608 -1.76992292669 0.0
-0.00343142593689 0.812285733252 0.0
2.74663288685 0.957183221224 0.0
-1.37620017938 2.52652419903 0.0
-0.0994714156216 1.39523805152 0.0
-5.77779757108 -1.53475055261 0.0
-1.26287308433 0.977793120222 0.0
-0.176029391934 -1.34345911885 0.0
4.98519284727 2.86478299933 0.0
0.564036014561 0.690706774227 0.0
0.274397562666 -2.19385882843 0.0
-2.22172417565 0.481188506755 0.0
-0.110154806137 -2.1022959198 0.0
3.13766390398 0.40273178351 0.0
3.07834109626 1.12320485568 0.0
-2.81896780477 -0.930898752652 0.0
4.29926967805 0.0651540094552 0.0
-0.51975051935 -2.43525401408 0.0
-2.62911775595 -2.5076986969 0.0
1.80579644055 2.06807176978 0.0
-1.37779803023 -2.29092425497 0.0
-2.08149114676 -1.07155986236 0.0
-3.12051553668 -1.50308662086 0.0
-1.95270306192 -2.15163364549 0.0
-2.05766454676 1.40177807461 0.0
-0.744970648522 0.840599917566 0.0
0.972114853667 0.93397574249 0.0
-0.344190729219 -4.26275725034 0.0
1.11369235624 2.38134113156 0.0
1.02776324811 0.708828406292 0.0
-4.43936661239 2.74269435726 0.0
-1.19187447701 -1.63308613832 0.0
0.158911829248 -1.89196505705 0.0
0.664830919764 -1.29646199506 0.0
4.68917108158 1.04434242474 0.0
-2.78065317941 1.49892295253 0.0
-0.175689410204 -2.21586223094 0.0
-1.10750127362 -1.18861311438 0.0
1.82761297538 3.61088038697 0.0
-3.77261746857 3.10907751236 0.0
3.29458858489 0.145349623137 0.0
1.90332172339 -1.62720526952 0.0
-1.34373500597 1.08256645468 0.0
-1.68166602318 -0.842598976416 0.0
0.0525513803531 -3.60384622897 0.0
-1.80549039704 -4.83829800262 0.0
2.28524429556 2.61816928534 0.0
-3.88964661471 4.85435431623 0.0
-1.07312346046 0.566334365107 0.0
0.710720761279 2.19914134168 0.0
-1.5773789125 1.49775947084 0.0
-4.46709095551 0.607769722962 0.0
-1.21575998356 5.38315671972 0.0
-2.35067674772 -0.832288022478 0.0
0.843690124988 -3.05455497902 0.0
0.873576239293 5.2001222883 0.0
1.59254791394 -0.470953934008 0.0
-0.432865004256 1.86748790192 0.0
3.46331816576 -2.35135135843 0.0
1.82115240558 -3.19274395523 0.0
-0.0931830435454 1.14441471566 0.0
2.54001803819 -0.280580451346 0.0
-0.399115694103 1.37231047122 0.0
0.0240272638632 1.17791445346 0.0
0.923459661579 -0.839659266628 0.0
3.4804172369 0.76568248728 0.0
-2.71067156426 1.92134221144 0.0
0.0866253983865 4.46480373483 0.0
-0.351643352392 1.38009312114 0.0
-0.227872088833 3.35671698084 0.0
1.04344982485 1.62890596859 0.0
-2.5607774155 0.319654914033 0.0
-1.99601363501 1.00737576995 0.0
1.32691671992 1.47887625364 0.0
-0.399856840725 -0.298795198536 0.0
1.01223497643 3.81286011627 0.0
5.48222009773 2.60103463584 0.0
2.25229272089 -3.43680762101 0.0
0.341974670489 -6.36449387361 0.0
-0.132291960542 -2.40061495657 0.0
0.858358055822 -0.932669973399 0.0
0.660399805857 -3.11078831735 0.0
0.0611170859677 1.38011345577 0.0
0.173961299058 -1.78271036559 0.0
2.17887269451 0.488810804284 0.0
-0.0991950919457 -1.57820952722 0.0
-0.356167183072 1.83716155355 0.0
0.0325217714278 0.26211570072 0.0
-2.44467337678 0.700475418446 0.0
0.280067616379 -1.57278461438 0.0
-3.53755783461 -0.279162349562 0.0
3.16167962252 -3.59571024424 0.0
-1.21595770324 -5.46949445667 0.0
2.94134680295 3.3337198462 0.0
-4.71726845724 -1.73994979611 0.0
1.57330116285 -2.58364900499 0.0
0.463049565724 5.02540055914 0.0
-0.0649237771918 2.26953169731 0.0
-4.42409802786 0.153485397469 0.0
-0.0633020052927 -1.89261483525 0.0
1.21074141578 1.91073879343 0.0
-5.2679574456 0.363878464394 0.0
-0.276304213301 -0.65548065392 0.0
0.798160999212 -2.52734741634 0.0
1.00518716346 -1.32134853166 0.0
-3.36353966694 -2.14408809701 0.0
1.76901496316 3.56275532077 0.0
1.79379559581 -0.552594289152 0.0
0.514876503602 2.95230961421 0.0
0.903721271106 3.27660679012 0.0
1.22005485081 -3.26578874531 0.0
1.33171771751 0.968503552844 0.0
3.28879460553 -1.60449600391 0.0
1.65373877275 -1.1896739282 0.0
-2.10277034533 3.37558544578 0.0
1.01567811487 0.151117865521 0.0
-2.1063272173 -3.4894646823 0.0
-3.29993308436 0.699828432369 0.0
-0.358993361494 1.19548517755 0.0
-2.41486007395 -1.82890269022 0.0
5.36345169961 0.21672637956 0.0
-1.73252160497 -0.972621828475 0.0
-3.46676206356 3.64877009119 0.0
0.23923479361 -2.17252887341 0.0
2.24725244433 2.01005508416 0.0
2.79573245861 -0.705059949886 0.0
0.665166618975 -0.304832577237 0.0
-2.53311508586 -4.80485178402 0.0
-4.23482692028 1.01672006958 0.0
2.09572716041 -1.41447367891 0.0
3.57019429416 -0.268463231314 0.0
0.446661048591 0.563382618875 0.0
-0.297495430847 3.90385870011 0.0
0.356279816901 -2.26977657488 0.0
0.386620875501 2.68743827389 0.0
0.250137196805 2.41015841325 0.0
2.27465581289 -0.467483158035 0.0
0.504876540197 -0.145834450733 0.0
1.82343247554 -2.75019842706 0.0
1.74676657801 0.999492648322 0.0
1.54140949574 -5.09333864688 0.0
2.84575263432 2.4101014907 0.0
-0.292939672913 -1.13641417058 0.0
0.600621731804 -0.466601824899 0.0
0.635957667091 1.17937012386 0.0
1.39993700732 -5.37973754457 0.0
-1.97914965345 0.392486157308 0.0
0.854229072017 -2.35095715291 0.0
1.71817908362 -1.51831407317 0.0
-5.37979613198 0.172110401059 0.0
2.7710080994 0.428423863803 0.0
-0.470608775784 -1.2743377119 0.0
-5.20069539321 4.08010530784 0.0
0.669808516452 -1.47934487007 0.0
-5.09007555409 -1.62548631456 0.0
-2.17321970332 -0.828433755372 0.0
0.856502711867 2.05452836542 0.0
0.429086087349 4.4817155612 0.0
3.23144707176 0.363990733319 0.0
3.1928176742 -1.26327017457 0.0
1.00348810036 -0.362356388831 0.0
2.19793835911 3.17165236522 0.0
4.1756477805 -1.46781899414 0.0
