equilater18_T=0.0
18
1 1 1 1 1 1 1 1 1 1 1 1 1 1 1 1 1 1
12.5224620483 10.9441612972 0.0
13.6449240966 10.9441612972 0.0
14.7673861449 10.9441612972 0.0
12.5224620483 12.8883225945 0.0
13.6449240966 12.8883225945 0.0
14.7673861449 12.8883225945 0.0
12.5224620483 14.8324838917 0.0
13.6449240966 14.8324838917 0.0
14.7673861449 14.8324838917 0.0
13.0836930725 11.9162419459 0.0
14.2061551208 11.9162419459 0.0
15.3286171691 11.9162419459 0.0
13.0836930725 13.8604032431 0.0
14.2061551208 13.8604032431 0.0
15.3286171691 13.8604032431 0.0
13.0836930725 15.8045645403 0.0
14.2061551208 15.8045645403 0.0
15.3286171691 15.8045645403 0.0
0.0 0.0 0.0
0.0 0.0 0.0
0.0 0.0 0.0
0.0 0.0 0.0
0.0 0.0 0.0
0.0 0.0 0.0
0.0 0.0 0.0
0.0 0.0 0.0
0.0 0.0 0.0
0.0 0.0 0.0
0.0 0.0 0.0
0.0 0.0 0.0
0.0 0.0 0.0
0.0 0.0 0.0
0.0 0.0 0.0
0.0 0.0 0.0
0.0 0.0 0.0
0.0 0.0 0.0
