equilater_T=1.57894736842
200
1 1 1 1 1 1 1 1 1 1 1 1 1 1 1 1 1 1 1 1 1 1 1 1 1 1 1 1 1 1 1 1 1 1 1 1 1 1 1 1 1 1 1 1 1 1 1 1 1 1 1 1 1 1 1 1 1 1 1 1 1 1 1 1 1 1 1 1 1 1 1 1 1 1 1 1 1 1 1 1 1 1 1 1 1 1 1 1 1 1 1 1 1 1 1 1 1 1 1 1 1 1 1 1 1 1 1 1 1 1 1 1 1 1 1 1 1 1 1 1 1 1 1 1 1 1 1 1 1 1 1 1 1 1 1 1 1 1 1 1 1 1 1 1 1 1 1 1 1 1 1 1 1 1 1 1 1 1 1 1 1 1 1 1 1 1 1 1 1 1 1 1 1 1 1 1 1 1 1 1 1 1 1 1 1 1 1 1 1 1 1 1 1 1 1 1 1 1 1 1
1.0 1.73205080757 0.0
2.0 1.73205080757 0.0
3.0 1.73205080757 0.0
4.0 1.73205080757 0.0
5.0 1.73205080757 0.0
6.0 1.73205080757 0.0
7.0 1.73205080757 0.0
8.0 1.73205080757 0.0
9.0 1.73205080757 0.0
10.0 1.73205080757 0.0
1.0 3.46410161514 0.0
2.0 3.46410161514 0.0
3.0 3.46410161514 0.0
4.0 3.46410161514 0.0
5.0 3.46410161514 0.0
6.0 3.46410161514 0.0
7.0 3.46410161514 0.0
8.0 3.46410161514 0.0
9.0 3.46410161514 0.0
10.0 3.46410161514 0.0
1.0 5.19615242271 0.0
2.0 5.19615242271 0.0
3.0 5.19615242271 0.0
4.0 5.19615242271 0.0
5.0 5.19615242271 0.0
6.0 5.19615242271 0.0
7.0 5.19615242271 0.0
8.0 5.19615242271 0.0
9.0 5.19615242271 0.0
10.0 5.19615242271 0.0
1.0 6.92820323028 0.0
2.0 6.92820323028 0.0
3.0 6.92820323028 0.0
4.0 6.92820323028 0.0
5.0 6.92820323028 0.0
6.0 6.92820323028 0.0
7.0 6.92820323028 0.0
8.0 6.92820323028 0.0
9.0 6.92820323028 0.0
10.0 6.92820323028 0.0
1.0 8.66025403784 0.0
2.0 8.66025403784 0.0
3.0 8.66025403784 0.0
4.0 8.66025403784 0.0
5.0 8.66025403784 0.0
6.0 8.66025403784 0.0
7.0 8.66025403784 0.0
8.0 8.66025403784 0.0
9.0 8.66025403784 0.0
10.0 8.66025403784 0.0
1.0 10.3923048454 0.0
2.0 10.3923048454 0.0
3.0 10.3923048454 0.0
4.0 10.3923048454 0.0
5.0 10.3923048454 0.0
6.0 10.3923048454 0.0
7.0 10.3923048454 0.0
8.0 10.3923048454 0.0
9.0 10.3923048454 0.0
10.0 10.3923048454 0.0
1.0 12.124355653 0.0
2.0 12.124355653 0.0
3.0 12.124355653 0.0
4.0 12.124355653 0.0
5.0 12.124355653 0.0
6.0 12.124355653 0.0
7.0 12.124355653 0.0
8.0 12.124355653 0.0
9.0 12.124355653 0.0
10.0 12.124355653 0.0
1.0 13.8564064606 0.0
2.0 13.8564064606 0.0
3.0 13.8564064606 0.0
4.0 13.8564064606 0.0
5.0 13.8564064606 0.0
6.0 13.8564064606 0.0
7.0 13.8564064606 0.0
8.0 13.8564064606 0.0
9.0 13.8564064606 0.0
10.0 13.8564064606 0.0
1.0 15.5884572681 0.0
2.0 15.5884572681 0.0
3.0 15.5884572681 0.0
4.0 15.5884572681 0.0
5.0 15.5884572681 0.0
6.0 15.5884572681 0.0
7.0 15.5884572681 0.0
8.0 15.5884572681 0.0
9.0 15.5884572681 0.0
10.0 15.5884572681 0.0
1.0 17.3205080757 0.0
2.0 17.3205080757 0.0
3.0 17.3205080757 0.0
4.0 17.3205080757 0.0
5.0 17.3205080757 0.0
6.0 17.3205080757 0.0
7.0 17.3205080757 0.0
8.0 17.3205080757 0.0
9.0 17.3205080757 0.0
10.0 17.3205080757 0.0
1.5 2.59807621135 0.0
2.5 2.59807621135 0.0
3.5 2.59807621135 0.0
4.5 2.59807621135 0.0
5.5 2.59807621135 0.0
6.5 2.59807621135 0.0
7.5 2.59807621135 0.0
8.5 2.59807621135 0.0
9.5 2.59807621135 0.0
10.5 2.59807621135 0.0
1.5 4.33012701892 0.0
2.5 4.33012701892 0.0
3.5 4.33012701892 0.0
4.5 4.33012701892 0.0
5.5 4.33012701892 0.0
6.5 4.33012701892 0.0
7.5 4.33012701892 0.0
8.5 4.33012701892 0.0
9.5 4.33012701892 0.0
10.5 4.33012701892 0.0
1.5 6.06217782649 0.0
2.5 6.06217782649 0.0
3.5 6.06217782649 0.0
4.5 6.06217782649 0.0
5.5 6.06217782649 0.0
6.5 6.06217782649 0.0
7.5 6.06217782649 0.0
8.5 6.06217782649 0.0
9.5 6.06217782649 0.0
10.5 6.06217782649 0.0
1.5 7.79422863406 0.0
2.5 7.79422863406 0.0
3.5 7.79422863406 0.0
4.5 7.79422863406 0.0
5.5 7.79422863406 0.0
6.5 7.79422863406 0.0
7.5 7.79422863406 0.0
8.5 7.79422863406 0.0
9.5 7.79422863406 0.0
10.5 7.79422863406 0.0
1.5 9.52627944163 0.0
2.5 9.52627944163 0.0
3.5 9.52627944163 0.0
4.5 9.52627944163 0.0
5.5 9.52627944163 0.0
6.5 9.52627944163 0.0
7.5 9.52627944163 0.0
8.5 9.52627944163 0.0
9.5 9.52627944163 0.0
10.5 9.52627944163 0.0
1.5 11.2583302492 0.0
2.5 11.2583302492 0.0
3.5 11.2583302492 0.0
4.5 11.2583302492 0.0
5.5 11.2583302492 0.0
6.5 11.2583302492 0.0
7.5 11.2583302492 0.0
8.5 11.2583302492 0.0
9.5 11.2583302492 0.0
10.5 11.2583302492 0.0
1.5 12.9903810568 0.0
2.5 12.9903810568 0.0
3.5 12.9903810568 0.0
4.5 12.9903810568 0.0
5.5 12.9903810568 0.0
6.5 12.9903810568 0.0
7.5 12.9903810568 0.0
8.5 12.9903810568 0.0
9.5 12.9903810568 0.0
10.5 12.9903810568 0.0
1.5 14.7224318643 0.0
2.5 14.7224318643 0.0
3.5 14.7224318643 0.0
4.5 14.7224318643 0.0
5.5 14.7224318643 0.0
6.5 14.7224318643 0.0
7.5 14.7224318643 0.0
8.5 14.7224318643 0.0
9.5 14.7224318643 0.0
10.5 14.7224318643 0.0
1.5 16.4544826719 0.0
2.5 16.4544826719 0.0
3.5 16.4544826719 0.0
4.5 16.4544826719 0.0
5.5 16.4544826719 0.0
6.5 16.4544826719 0.0
7.5 16.4544826719 0.0
8.5 16.4544826719 0.0
9.5 16.4544826719 0.0
10.5 16.4544826719 0.0
1.5 18.1865334795 0.0
2.5 18.1865334795 0.0
3.5 18.1865334795 0.0
4.5 18.1865334795 0.0
5.5 18.1865334795 0.0
6.5 18.1865334795 0.0
7.5 18.1865334795 0.0
8.5 18.1865334795 0.0
9.5 18.1865334795 0.0
10.5 18.1865334795 0.0
-0.167769597182 -1.88714809289 0.0
2.17869716106 -2.60978101489 0.0
-1.0611427062 -0.693370049494 0.0
-1.52158648118 0.949045576727 0.0
-0.584171882603 1.43631890669 0.0
-1.25222786424 2.55792509955 0.0
-1.72072154548 1.36754253776 0.0
0.121870448546 -1.4708015192 0.0
0.418513924008 0.61454066444 0.0
1.92319363599 -1.38903751422 0.0
-0.630084405345 0.26498768126 0.0
-0.308488587983 0.411504406966 0.0
0.490845224233 0.582431523632 0.0
2.16243778313 -3.06475424435 0.0
0.242009406213 -0.805684147681 0.0
-0.92580725654 0.245887353037 0.0
0.498990825335 0.311745013388 0.0
1.3036696579 -0.705783133638 0.0
2.08799300956 -1.3814001853 0.0
0.752164168231 -0.829810115043 0.0
-0.143106333343 0.0292055914967 0.0
3.54097674257 -0.498390146592 0.0
-0.875761392102 0.165362377249 0.0
-1.91724088717 1.00528676002 0.0
-2.73030532564 -1.412969516 0.0
1.17847316688 0.555620221304 0.0
-0.00191124778356 -2.30920063564 0.0
1.04922787408 1.52191373582 0.0
0.492757770337 -0.139434080876 0.0
0.188229106235 -0.831670289701 0.0
-0.828165613228 -2.06201931945 0.0
-2.69457019821 0.503539712912 0.0
-0.532610668433 -1.45810980052 0.0
1.19733782779 0.700738575649 0.0
0.399261083259 -1.3169526157 0.0
0.279560432316 -0.515488055092 0.0
0.243956395401 0.210984072161 0.0
0.987315682623 1.28184206344 0.0
1.21989302162 0.509962424271 0.0
1.04330918097 -1.75009397883 0.0
0.165251855395 1.56829107782 0.0
1.71986313927 1.75850111524 0.0
-0.500642135545 0.15970036193 0.0
-2.28762526541 1.07820125486 0.0
-0.704721512392 -0.165210407726 0.0
0.083264533297 -2.06396872415 0.0
0.0156384996184 0.0877508909412 0.0
-0.283721926006 0.920802152633 0.0
0.148502562109 -0.792724631056 0.0
1.5622571394 -0.353738589203 0.0
1.54401204751 -0.677652474285 0.0
-0.703935036297 -2.02881667149 0.0
0.0723168088999 -0.888018354144 0.0
-1.5504414398 -1.02234204488 0.0
-0.14459992361 0.834831390518 0.0
-0.303953623382 2.736671329 0.0
-0.0362941116945 1.53347929717 0.0
-2.09273850101 -0.807116415854 0.0
-0.132299900159 -0.179633588128 0.0
-2.10041267975 0.148163642368 0.0
-2.5272083104 0.70408698776 0.0
0.275584182953 1.53205124408 0.0
1.1194832359 -2.22626205758 0.0
-0.133576949045 1.28350815285 0.0
4.42829154489 -0.922417984304 0.0
0.0731008219962 -0.0137626107165 0.0
-0.221017352434 1.08224650238 0.0
-0.476185784729 0.626726861258 0.0
1.9404446815 3.04149073469 0.0
-1.81716964881 -0.750223232992 0.0
-0.220678187232 -0.925347301182 0.0
-0.0484918663698 2.05270831814 0.0
-2.84553029037 -0.761997233783 0.0
1.41598648911 -1.24562708989 0.0
0.512411180278 -0.348034678197 0.0
1.56297380602 -0.480639302923 0.0
0.959224696773 0.0454723372313 0.0
-0.806287590679 -0.867830763194 0.0
-1.20774336208 -0.879664295257 0.0
-3.18001570056 -1.03170173652 0.0
-0.80688391985 0.387116785486 0.0
-0.77294178229 0.853702281077 0.0
-1.55162217984 1.64257331426 0.0
-1.83015481478 -1.31802683975 0.0
-0.567663289092 1.44954156836 0.0
1.26091615839 1.46893170657 0.0
-1.56957503621 -0.416924165575 0.0
-2.68308898962 -0.423468791817 0.0
-1.70876925768 2.86102360397 0.0
-0.0250254563814 -0.697381479592 0.0
0.512254897196 -2.02235284613 0.0
0.0566713292343 0.849466726196 0.0
-2.12236792439 -0.178453888235 0.0
0.295227225771 -1.11517841033 0.0
1.00553164145 -0.831608061507 0.0
0.334563281186 0.851104323806 0.0
0.886835863604 1.58944215672 0.0
1.09537838216 -0.472416685798 0.0
1.07484698478 -2.58673435055 0.0
-0.146734103864 -1.37692856424 0.0
-0.347130561448 -2.49898243979 0.0
-0.113800829816 -1.65205676415 0.0
-0.740945579436 -0.510210405148 0.0
-0.147263572229 -0.123540084326 0.0
-1.14401250518 -0.452420940511 0.0
-0.0752488294193 -0.227881222184 0.0
-0.920223461085 -1.06890497846 0.0
-1.08048000392 2.86786066018 0.0
0.424246696788 1.5328465466 0.0
-0.51477367563 0.0761156697636 0.0
-0.0963903271879 -1.85586618968 0.0
1.88091887013 1.78096290409 0.0
1.61141392402 -0.0600304147935 0.0
-0.0454985554112 2.4068777985 0.0
-0.424203923223 -1.56090507303 0.0
1.86574202151 -2.34072217501 0.0
-0.935582136803 0.0366974012345 0.0
1.50341640382 1.08897257008 0.0
2.02398799825 0.906866121672 0.0
1.97228374731 0.617960757149 0.0
-0.506185463059 -1.59187093362 0.0
0.835910821562 2.47397645234 0.0
-2.28062405987 0.15857241677 0.0
-1.21648991469 -0.247617831195 0.0
0.14326469213 0.145008281099 0.0
0.992019294216 -0.296343956205 0.0
1.95151520046 -1.34586413819 0.0
-1.86486976912 0.695594846426 0.0
-0.112842459651 0.431735919393 0.0
-0.863679909931 -0.559862514923 0.0
-0.393784100769 1.32097508222 0.0
-0.280869293561 -2.45536296656 0.0
0.175144268612 1.2670533125 0.0
0.655348613193 1.31635471612 0.0
-1.60753137806 -2.85060089101 0.0
0.81403068051 -0.264402171605 0.0
1.71945270677 0.337726762497 0.0
2.49108446711 -0.178417289132 0.0
0.68281294873 -0.573650707313 0.0
0.521928384887 0.830393976521 0.0
-1.17341554777 0.189728736139 0.0
-0.434788949721 -0.239765345477 0.0
0.882881931471 -0.376554433658 0.0
0.358278619437 0.00194211327467 0.0
1.99415555231 2.37416701787 0.0
1.47353744644 1.75953207611 0.0
2.41798137805 0.331671412062 0.0
-0.547180165093 0.94321422116 0.0
-0.789382935806 0.164429699612 0.0
-1.10699309481 -0.835022846589 0.0
-1.01764722475 0.541633826367 0.0
-1.69154912193 -0.0114749174177 0.0
-1.28620565456 -0.526833228744 0.0
0.676659506228 -2.05981749917 0.0
-1.9170779982 -0.0298113392967 0.0
1.09135639119 0.905087623958 0.0
-1.42126017192 2.06786107543 0.0
0.151301396231 0.306145305892 0.0
-0.738259805433 0.798830497296 0.0
-0.69262310083 -0.660407340537 0.0
0.681211535904 -0.343648324557 0.0
-0.882149980633 -0.9938200783 0.0
-2.58700116497 -0.279326337368 0.0
0.0537899209269 0.508600648387 0.0
0.254408503378 -0.851549155692 0.0
1.6394206209 -1.49096036204 0.0
-0.932310926521 -0.215861502862 0.0
1.4085748116 -2.40956020224 0.0
-1.18359701749 2.03286023508 0.0
4.14770077825 -0.37368883832 0.0
-1.94642837016 -1.94743172223 0.0
1.43942123715 1.3202063634 0.0
1.98435733142 -0.875587021651 0.0
0.153157263034 -1.77588396815 0.0
0.619102911678 1.30300388705 0.0
-0.936331584606 -1.42220639324 0.0
1.2084953538 2.10232475085 0.0
1.1705996626 0.558174404137 0.0
-0.311138174736 -0.869830662523 0.0
-1.26201454068 -1.33286322683 0.0
-1.01318753748 -1.93762061664 0.0
0.0359984863795 2.45595728796 0.0
0.446960754741 0.0358572205068 0.0
-1.31871306357 -0.162659229649 0.0
-0.517026761108 -0.583267139499 0.0
-0.0167738556033 1.51824677368 0.0
-1.79417624448 2.17337739603 0.0
1.35665638543 0.145287419383 0.0
0.866897198342 -1.00928170516 0.0
-0.900236264631 0.517571804383 0.0
-0.945726449808 -0.056254157262 0.0
0.392461370925 -0.959532193078 0.0
1.8418474638 0.715489561051 0.0
0.407054709951 1.99375361954 0.0
-0.204185209443 1.13722593115 0.0
1.18086558089 0.474318041693 0.0
2.12845891713 1.21318213107 0.0
2.34788381931 -1.11433815679 0.0
-1.65013763255 -0.520703085602 0.0
-0.369408374918 -1.84320415317 0.0
