equilater_T=13.3333333333
20
1 1 1 1 1 1 1 1 1 1 1 1 1 1 1 1 1 1 1 1
3.12246204831 3.94416129724 0.0
4.24492409662 3.94416129724 0.0
5.36738614493 3.94416129724 0.0
6.48984819324 3.94416129724 0.0
7.61231024155 3.94416129724 0.0
3.12246204831 5.88832259448 0.0
4.24492409662 5.88832259448 0.0
5.36738614493 5.88832259448 0.0
6.48984819324 5.88832259448 0.0
7.61231024155 5.88832259448 0.0
3.68369307246 4.91624194586 0.0
4.80615512077 4.91624194586 0.0
5.92861716908 4.91624194586 0.0
7.05107921739 4.91624194586 0.0
8.1735412657 4.91624194586 0.0
3.68369307246 6.8604032431 0.0
4.80615512077 6.8604032431 0.0
5.92861716908 6.8604032431 0.0
7.05107921739 6.8604032431 0.0
8.1735412657 6.8604032431 0.0
4.1072896621 -5.42927476495 0.0
-0.86464579913 2.70010764099 0.0
2.82891660651 0.0404771378197 0.0
2.94294280012 -2.68326995718 0.0
-1.47636423117 -0.0953334370204 0.0
0.297654121053 -5.78090407762 0.0
1.45010071504 -10.7501270422 0.0
-1.55481290839 -2.27715488449 0.0
-1.47600646439 -3.16196402041 0.0
8.83525823686 2.4951713015 0.0
-2.93519665347 1.39690392948 0.0
4.44089349974 4.72273816058 0.0
-1.19482225333 3.23612084588 0.0
-5.40262152142 -2.11927859771 0.0
12.4790179654 -3.06885842861 0.0
7.03740547047 -0.126949572269 0.0
-4.19750921778 -4.85235023517 0.0
-1.62242473136 -0.259593140798 0.0
2.04949023231 -2.68127361344 0.0
4.70339019972 0.747792936831 0.0
