equilater2_T=5.0
30
1 1 1 1 1 1 1 1 1 1 1 1 1 1 1 1 1 1 1 1 1 1 1 1 1 1 1 1 1 1
3.0 3.73205080757 0.0
4.0 3.73205080757 0.0
5.0 3.73205080757 0.0
6.0 3.73205080757 0.0
7.0 3.73205080757 0.0
3.0 5.46410161514 0.0
4.0 5.46410161514 0.0
5.0 5.46410161514 0.0
6.0 5.46410161514 0.0
7.0 5.46410161514 0.0
3.0 7.19615242271 0.0
4.0 7.19615242271 0.0
5.0 7.19615242271 0.0
6.0 7.19615242271 0.0
7.0 7.19615242271 0.0
3.5 4.59807621135 0.0
4.5 4.59807621135 0.0
5.5 4.59807621135 0.0
6.5 4.59807621135 0.0
7.5 4.59807621135 0.0
3.5 6.33012701892 0.0
4.5 6.33012701892 0.0
5.5 6.33012701892 0.0
6.5 6.33012701892 0.0
7.5 6.33012701892 0.0
3.5 8.06217782649 0.0
4.5 8.06217782649 0.0
5.5 8.06217782649 0.0
6.5 8.06217782649 0.0
7.5 8.06217782649 0.0
-0.146404376408 -1.66284409342 0.0
-0.579760588911 2.72841944971 0.0
-4.19422450963 0.675581359257 0.0
3.26992071976 3.56029621372 0.0
-0.934829479457 -1.63245262983 0.0
3.98308120479 1.49135916423 0.0
-2.332443931 1.28124950076 0.0
-2.44431849582 -2.01770821607 0.0
-2.40334242299 0.318182696185 0.0
-2.59729155907 -0.202767401417 0.0
1.84052220782 -0.963015364271 0.0
2.30882810653 1.91967120933 0.0
-4.76341317794 1.47289199842 0.0
-3.75552803448 0.371836275774 0.0
0.518284929359 1.19838830641 0.0
-0.846782655364 -0.834019011756 0.0
-3.5750087826 -0.553718086233 0.0
2.04723321534 0.559252247764 0.0
-1.20365612776 3.69839389086 0.0
-1.5661348125 -1.59625863109 0.0
-2.85016357937 -2.46220155104 0.0
4.76626353104 -0.0316937972358 0.0
-0.536259342082 -3.10783755703 0.0
-0.631190775333 -2.3992146846 0.0
3.08228788939 -1.03340692554 0.0
-1.25731312378 -4.08236735432 0.0
0.839891817177 0.0872904260497 0.0
1.06849568548 1.36693419059 0.0
-1.95827225357 -3.57995874122 0.0
-1.13493365634 -3.26201794061 0.0
