equilater2_T=10.0
30
1 1 1 1 1 1 1 1 1 1 1 1 1 1 1 1 1 1 1 1 1 1 1 1 1 1 1 1 1 1
3.0 3.73205080757 0.0
4.0 3.73205080757 0.0
5.0 3.73205080757 0.0
6.0 3.73205080757 0.0
7.0 3.73205080757 0.0
3.0 5.46410161514 0.0
4.0 5.46410161514 0.0
5.0 5.46410161514 0.0
6.0 5.46410161514 0.0
7.0 5.46410161514 0.0
3.0 7.19615242271 0.0
4.0 7.19615242271 0.0
5.0 7.19615242271 0.0
6.0 7.19615242271 0.0
7.0 7.19615242271 0.0
3.5 4.59807621135 0.0
4.5 4.59807621135 0.0
5.5 4.59807621135 0.0
6.5 4.59807621135 0.0
7.5 4.59807621135 0.0
3.5 6.33012701892 0.0
4.5 6.33012701892 0.0
5.5 6.33012701892 0.0
6.5 6.33012701892 0.0
7.5 6.33012701892 0.0
3.5 8.06217782649 0.0
4.5 8.06217782649 0.0
5.5 8.06217782649 0.0
6.5 8.06217782649 0.0
7.5 8.06217782649 0.0
1.88038673966 1.51977879294 0.0
-1.09626404747 -0.380100528889 0.0
1.94359231204 -3.00194958312 0.0
3.67877375207 -0.763681087345 0.0
-1.33934870613 0.305592775274 0.0
-0.681032689304 3.5708366746 0.0
-3.36782287108 -2.41463361345 0.0
-2.76050261297 3.92205352973 0.0
-1.56366458854 4.0435039787 0.0
-1.04048560731 5.31532095833 0.0
2.08622819196 -4.61378464908 0.0
1.86039669884 0.651839964518 0.0
-1.83504323328 -2.20328116511 0.0
2.97324205446 -3.80709168209 0.0
-0.513129627622 -1.25507419376 0.0
4.13471669063 3.53442795499 0.0
5.86889313892 -0.773377840666 0.0
-0.00956233433845 1.80354942358 0.0
1.52498125706 -3.51351683153 0.0
-0.991129085393 -3.63599663777 0.0
1.23770363355 -4.27330351713 0.0
-1.60966070569 -4.59049633121 0.0
1.70362549911 -1.27140339581 0.0
-1.25758991975 -3.90274032224 0.0
-1.62418829003 5.1692511698 0.0
-1.37255056912 -2.18617718566 0.0
2.73717208368 -0.332144875063 0.0
3.26428994242 1.70795968514 0.0
3.39403911946 -0.284941920131 0.0
-4.13240456394 0.469157245182 0.0
