equilater_T=4.44444444444
20
1 1 1 1 1 1 1 1 1 1 1 1 1 1 1 1 1 1 1 1
3.12246204831 3.94416129724 0.0
4.24492409662 3.94416129724 0.0
5.36738614493 3.94416129724 0.0
6.48984819324 3.94416129724 0.0
7.61231024155 3.94416129724 0.0
3.12246204831 5.88832259448 0.0
4.24492409662 5.88832259448 0.0
5.36738614493 5.88832259448 0.0
6.48984819324 5.88832259448 0.0
7.61231024155 5.88832259448 0.0
3.68369307246 4.91624194586 0.0
4.80615512077 4.91624194586 0.0
5.92861716908 4.91624194586 0.0
7.05107921739 4.91624194586 0.0
8.1735412657 4.91624194586 0.0
3.68369307246 6.8604032431 0.0
4.80615512077 6.8604032431 0.0
5.92861716908 6.8604032431 0.0
7.05107921739 6.8604032431 0.0
8.1735412657 6.8604032431 0.0
0.166731809844 -0.569584442138 0.0
-0.539540138609 2.12280160952 0.0
1.62387722287 0.472632260714 0.0
0.592279273636 2.23154977057 0.0
-2.63764884217 -0.50769714706 0.0
1.85636377409 1.21156091957 0.0
2.81980247561 -4.24726017714 0.0
2.1161793615 -3.81673700102 0.0
0.568205967477 -2.03790212261 0.0
-0.291899634564 -1.46060896267 0.0
-1.28022572716 2.21156364113 0.0
-1.45742314675 -1.30803379366 0.0
2.7340674035 -1.11021536936 0.0
0.226178905772 -0.852118143097 0.0
-0.47077895169 0.489998964719 0.0
-1.38700345946 0.693707780697 0.0
-3.52939709341 -2.99324932259 0.0
-1.30911811701 -2.48155790781 0.0
-0.364105670282 0.0440857170581 0.0
-5.71248769148 0.346788622322 0.0
