equilater_T=8.88888888889
20
1 1 1 1 1 1 1 1 1 1 1 1 1 1 1 1 1 1 1 1
3.12246204831 3.94416129724 0.0
4.24492409662 3.94416129724 0.0
5.36738614493 3.94416129724 0.0
6.48984819324 3.94416129724 0.0
7.61231024155 3.94416129724 0.0
3.12246204831 5.88832259448 0.0
4.24492409662 5.88832259448 0.0
5.36738614493 5.88832259448 0.0
6.48984819324 5.88832259448 0.0
7.61231024155 5.88832259448 0.0
3.68369307246 4.91624194586 0.0
4.80615512077 4.91624194586 0.0
5.92861716908 4.91624194586 0.0
7.05107921739 4.91624194586 0.0
8.1735412657 4.91624194586 0.0
3.68369307246 6.8604032431 0.0
4.80615512077 6.8604032431 0.0
5.92861716908 6.8604032431 0.0
7.05107921739 6.8604032431 0.0
8.1735412657 6.8604032431 0.0
-2.43727648445 -4.13108782474 0.0
-3.13122967594 -1.55626391165 0.0
-4.13319946213 1.05910993339 0.0
-3.75701740263 -4.86313225055 0.0
-4.3151669435 -4.99269724952 0.0
-3.03179875247 3.75585363995 0.0
-1.71607267658 -1.55412363644 0.0
5.60812025377 -1.72861101946 0.0
-4.24188147343 -0.999042889153 0.0
-1.70352378354 1.75667390567 0.0
3.16277915917 0.34971083567 0.0
-2.37146128073 2.51580950536 0.0
-1.74502736505 1.23609819691 0.0
0.287343304134 2.25156902462 0.0
-4.47227661137 0.657980719585 0.0
-0.256611336832 0.990066280735 0.0
-2.42698974719 -0.478734325507 0.0
2.39890498094 -4.98821930125 0.0
-3.91861132027 2.51082157184 0.0
0.00990407534657 -0.383005872109 0.0
