equilater_T=5.78947368421
200
1 1 1 1 1 1 1 1 1 1 1 1 1 1 1 1 1 1 1 1 1 1 1 1 1 1 1 1 1 1 1 1 1 1 1 1 1 1 1 1 1 1 1 1 1 1 1 1 1 1 1 1 1 1 1 1 1 1 1 1 1 1 1 1 1 1 1 1 1 1 1 1 1 1 1 1 1 1 1 1 1 1 1 1 1 1 1 1 1 1 1 1 1 1 1 1 1 1 1 1 1 1 1 1 1 1 1 1 1 1 1 1 1 1 1 1 1 1 1 1 1 1 1 1 1 1 1 1 1 1 1 1 1 1 1 1 1 1 1 1 1 1 1 1 1 1 1 1 1 1 1 1 1 1 1 1 1 1 1 1 1 1 1 1 1 1 1 1 1 1 1 1 1 1 1 1 1 1 1 1 1 1 1 1 1 1 1 1 1 1 1 1 1 1 1 1 1 1 1 1
1.0 1.73205080757 0.0
2.0 1.73205080757 0.0
3.0 1.73205080757 0.0
4.0 1.73205080757 0.0
5.0 1.73205080757 0.0
6.0 1.73205080757 0.0
7.0 1.73205080757 0.0
8.0 1.73205080757 0.0
9.0 1.73205080757 0.0
10.0 1.73205080757 0.0
1.0 3.46410161514 0.0
2.0 3.46410161514 0.0
3.0 3.46410161514 0.0
4.0 3.46410161514 0.0
5.0 3.46410161514 0.0
6.0 3.46410161514 0.0
7.0 3.46410161514 0.0
8.0 3.46410161514 0.0
9.0 3.46410161514 0.0
10.0 3.46410161514 0.0
1.0 5.19615242271 0.0
2.0 5.19615242271 0.0
3.0 5.19615242271 0.0
4.0 5.19615242271 0.0
5.0 5.19615242271 0.0
6.0 5.19615242271 0.0
7.0 5.19615242271 0.0
8.0 5.19615242271 0.0
9.0 5.19615242271 0.0
10.0 5.19615242271 0.0
1.0 6.92820323028 0.0
2.0 6.92820323028 0.0
3.0 6.92820323028 0.0
4.0 6.92820323028 0.0
5.0 6.92820323028 0.0
6.0 6.92820323028 0.0
7.0 6.92820323028 0.0
8.0 6.92820323028 0.0
9.0 6.92820323028 0.0
10.0 6.92820323028 0.0
1.0 8.66025403784 0.0
2.0 8.66025403784 0.0
3.0 8.66025403784 0.0
4.0 8.66025403784 0.0
5.0 8.66025403784 0.0
6.0 8.66025403784 0.0
7.0 8.66025403784 0.0
8.0 8.66025403784 0.0
9.0 8.66025403784 0.0
10.0 8.66025403784 0.0
1.0 10.3923048454 0.0
2.0 10.3923048454 0.0
3.0 10.3923048454 0.0
4.0 10.3923048454 0.0
5.0 10.3923048454 0.0
6.0 10.3923048454 0.0
7.0 10.3923048454 0.0
8.0 10.3923048454 0.0
9.0 10.3923048454 0.0
10.0 10.3923048454 0.0
1.0 12.124355653 0.0
2.0 12.124355653 0.0
3.0 12.124355653 0.0
4.0 12.124355653 0.0
5.0 12.124355653 0.0
6.0 12.124355653 0.0
7.0 12.124355653 0.0
8.0 12.124355653 0.0
9.0 12.124355653 0.0
10.0 12.124355653 0.0
1.0 13.8564064606 0.0
2.0 13.8564064606 0.0
3.0 13.8564064606 0.0
4.0 13.8564064606 0.0
5.0 13.8564064606 0.0
6.0 13.8564064606 0.0
7.0 13.8564064606 0.0
8.0 13.8564064606 0.0
9.0 13.8564064606 0.0
10.0 13.8564064606 0.0
1.0 15.5884572681 0.0
2.0 15.5884572681 0.0
3.0 15.5884572681 0.0
4.0 15.5884572681 0.0
5.0 15.5884572681 0.0
6.0 15.5884572681 0.0
7.0 15.5884572681 0.0
8.0 15.5884572681 0.0
9.0 15.5884572681 0.0
10.0 15.5884572681 0.0
1.0 17.3205080757 0.0
2.0 17.3205080757 0.0
3.0 17.3205080757 0.0
4.0 17.3205080757 0.0
5.0 17.3205080757 0.0
6.0 17.3205080757 0.0
7.0 17.3205080757 0.0
8.0 17.3205080757 0.0
9.0 17.3205080757 0.0
10.0 17.3205080757 0.0
1.5 2.59807621135 0.0
2.5 2.59807621135 0.0
3.5 2.59807621135 0.0
4.5 2.59807621135 0.0
5.5 2.59807621135 0.0
6.5 2.59807621135 0.0
7.5 2.59807621135 0.0
8.5 2.59807621135 0.0
9.5 2.59807621135 0.0
10.5 2.59807621135 0.0
1.5 4.33012701892 0.0
2.5 4.33012701892 0.0
3.5 4.33012701892 0.0
4.5 4.33012701892 0.0
5.5 4.33012701892 0.0
6.5 4.33012701892 0.0
7.5 4.33012701892 0.0
8.5 4.33012701892 0.0
9.5 4.33012701892 0.0
10.5 4.33012701892 0.0
1.5 6.06217782649 0.0
2.5 6.06217782649 0.0
3.5 6.06217782649 0.0
4.5 6.06217782649 0.0
5.5 6.06217782649 0.0
6.5 6.06217782649 0.0
7.5 6.06217782649 0.0
8.5 6.06217782649 0.0
9.5 6.06217782649 0.0
10.5 6.06217782649 0.0
1.5 7.79422863406 0.0
2.5 7.79422863406 0.0
3.5 7.79422863406 0.0
4.5 7.79422863406 0.0
5.5 7.79422863406 0.0
6.5 7.79422863406 0.0
7.5 7.79422863406 0.0
8.5 7.79422863406 0.0
9.5 7.79422863406 0.0
10.5 7.79422863406 0.0
1.5 9.52627944163 0.0
2.5 9.52627944163 0.0
3.5 9.52627944163 0.0
4.5 9.52627944163 0.0
5.5 9.52627944163 0.0
6.5 9.52627944163 0.0
7.5 9.52627944163 0.0
8.5 9.52627944163 0.0
9.5 9.52627944163 0.0
10.5 9.52627944163 0.0
1.5 11.2583302492 0.0
2.5 11.2583302492 0.0
3.5 11.2583302492 0.0
4.5 11.2583302492 0.0
5.5 11.2583302492 0.0
6.5 11.2583302492 0.0
7.5 11.2583302492 0.0
8.5 11.2583302492 0.0
9.5 11.2583302492 0.0
10.5 11.2583302492 0.0
1.5 12.9903810568 0.0
2.5 12.9903810568 0.0
3.5 12.9903810568 0.0
4.5 12.9903810568 0.0
5.5 12.9903810568 0.0
6.5 12.9903810568 0.0
7.5 12.9903810568 0.0
8.5 12.9903810568 0.0
9.5 12.9903810568 0.0
10.5 12.9903810568 0.0
1.5 14.7224318643 0.0
2.5 14.7224318643 0.0
3.5 14.7224318643 0.0
4.5 14.7224318643 0.0
5.5 14.7224318643 0.0
6.5 14.7224318643 0.0
7.5 14.7224318643 0.0
8.5 14.7224318643 0.0
9.5 14.7224318643 0.0
10.5 14.7224318643 0.0
1.5 16.4544826719 0.0
2.5 16.4544826719 0.0
3.5 16.4544826719 0.0
4.5 16.4544826719 0.0
5.5 16.4544826719 0.0
6.5 16.4544826719 0.0
7.5 16.4544826719 0.0
8.5 16.4544826719 0.0
9.5 16.4544826719 0.0
10.5 16.4544826719 0.0
1.5 18.1865334795 0.0
2.5 18.1865334795 0.0
3.5 18.1865334795 0.0
4.5 18.1865334795 0.0
5.5 18.1865334795 0.0
6.5 18.1865334795 0.0
7.5 18.1865334795 0.0
8.5 18.1865334795 0.0
9.5 18.1865334795 0.0
10.5 18.1865334795 0.0
1.1320270426 1.2976515292 0.0
-2.71974487467 0.952493357693 0.0
-2.87597294921 -1.31352662133 0.0
-2.6496338715 -1.43529954056 0.0
-3.66371163776 -1.16193488198 0.0
0.057731348252 -0.609480820468 0.0
-2.69323135047 3.69076042034 0.0
-3.75432451129 -1.81692692355 0.0
-2.31416640984 -2.69934510237 0.0
2.05809847597 -2.00450496024 0.0
-3.71624641137 2.76063618147 0.0
-1.98943440243 -4.62072258391 0.0
-0.161019785837 -1.85099209106 0.0
1.25188130336 -1.68219096163 0.0
1.03998264773 -0.235049461935 0.0
-2.78987536269 0.648414497308 0.0
3.05700623953 -2.26764960498 0.0
-2.56031314017 -2.58420681641 0.0
-1.5147475931 -4.61015783622 0.0
2.29834120751 1.20950450287 0.0
1.5085103426 -2.02680212977 0.0
1.19115834762 -0.151628215316 0.0
-3.54783606727 0.678258800794 0.0
-0.516522200881 -1.56736783371 0.0
-1.6705138109 0.95661655122 0.0
-2.51517922536 -0.0139768372691 0.0
-0.736027355686 -1.91278289367 0.0
2.76756735283 5.99402203762 0.0
1.3442628353 -1.78117094132 0.0
1.41364070622 -2.93991244447 0.0
1.72927391507 1.84632345886 0.0
-2.57371230942 0.139375897804 0.0
1.36703200457 0.0411718734156 0.0
0.966486173747 0.208545384443 0.0
-7.31657212396 0.161710909983 0.0
1.23044562984 4.79912611136 0.0
1.79378452308 -3.14220728646 0.0
3.96079485996 0.831120102953 0.0
-2.76918634404 -0.820318514542 0.0
-0.614714581133 -0.977323339438 0.0
-0.322697033011 -1.53626325812 0.0
-1.8012148669 2.67509943271 0.0
-1.61865471901 -3.53229087731 0.0
-4.39076441127 -0.0535979728419 0.0
3.47100602937 -0.411888807062 0.0
-3.03513237281 1.87532724799 0.0
-3.38253250225 -0.790551203771 0.0
-1.15233219305 0.794645275191 0.0
-0.925420721559 -2.7065715542 0.0
0.626851657664 1.63554032093 0.0
3.54527177336 -3.35238605033 0.0
-0.375357921445 -2.99432799077 0.0
0.92040000165 2.109479896 0.0
0.171652860396 3.52450426905 0.0
1.04513236889 1.16108439169 0.0
-2.04202896449 1.82587771147 0.0
0.186796729338 -0.251686868048 0.0
-0.0495463424985 0.83430234042 0.0
0.0113955515132 1.96236871338 0.0
-7.33892095443 0.844720530641 0.0
1.65577588736 0.554023379089 0.0
6.51379322308 1.0650227088 0.0
0.938130607838 0.803646009794 0.0
-2.14687471971 -3.34760560507 0.0
-0.341224362506 3.01470989301 0.0
0.745391026326 -0.738399039674 0.0
-0.0901329935416 1.13094035259 0.0
-0.0806562741899 -0.368791240424 0.0
0.863613037989 2.08914305499 0.0
0.502914587271 -1.87852542625 0.0
2.11001874297 0.440924251318 0.0
-0.760705280824 -0.450963190595 0.0
1.87787225068 -3.41847485185 0.0
-0.659205778028 0.440198971653 0.0
2.7971253271 -0.767423494892 0.0
0.400144905883 -0.597912882643 0.0
-5.84611816873 -2.42765024371 0.0
3.62784877449 0.116519372884 0.0
-3.24612945349 0.998636976597 0.0
-0.765725538109 -0.345804575348 0.0
0.240620744644 -3.05662694521 0.0
0.277741300335 -1.61403830882 0.0
3.06352788902 -2.27537072805 0.0
-3.50348435417 5.04856997089 0.0
0.961695451338 -0.408445829864 0.0
1.6963234206 -0.3728869769 0.0
-2.11805259934 3.70623516297 0.0
-0.908400611516 -0.114396536632 0.0
-1.45867586856 -0.0642696029923 0.0
-0.043090708683 1.44885285024 0.0
-1.58659202666 0.533533379191 0.0
-0.162909864643 -1.96622099301 0.0
-0.829166869249 1.57003197148 0.0
-2.17155527849 2.38922037029 0.0
3.06350759381 -3.57547286949 0.0
-0.521499021586 -2.20309193709 0.0
-6.07095243852 4.56536995762 0.0
0.964420135921 1.93298747658 0.0
-0.695753004672 2.31517981202 0.0
4.20662215606 -5.08387319608 0.0
0.345385141619 1.54758905775 0.0
2.10174231977 -0.408347023099 0.0
-0.591752873917 3.60644139603 0.0
-4.27835507067 -0.057717525977 0.0
1.12249387448 3.94202749477 0.0
-0.088957363281 -1.82881086269 0.0
2.87295321716 -0.352250247768 0.0
0.954409075022 -1.97987450675 0.0
-2.85183630133 4.37760481479 0.0
2.1522188295 -1.01751539575 0.0
0.704199319434 4.07572276421 0.0
0.641741919804 -3.78471352895 0.0
1.49383981317 -1.32751119791 0.0
-0.480258193861 -2.13529079126 0.0
0.341719947792 -0.611924837869 0.0
0.00493350286235 -2.76546441308 0.0
-1.8449857886 -0.434477384671 0.0
-0.504637472294 3.62683869019 0.0
-1.14620040464 -1.50375861316 0.0
-0.271088448172 -2.98913446961 0.0
-1.76009419563 1.13510530635 0.0
0.46193076924 4.17379360295 0.0
4.29854650092 -0.945815410351 0.0
0.0294217326066 5.07961489029 0.0
0.102520634436 0.860113989215 0.0
3.78758759574 -0.564553469928 0.0
1.22983014332 1.76932353789 0.0
-0.0968889515792 5.22997580482 0.0
-1.99249976024 -1.69067224817 0.0
-3.01380433123 -0.977648333994 0.0
0.504775021042 -0.978353332509 0.0
-1.86064175706 6.29718151373 0.0
1.39134225113 2.94863505681 0.0
1.77422997931 -1.19815588621 0.0
-4.07039750734 0.222533452712 0.0
0.113231905666 -0.0275722905025 0.0
-0.379928091101 1.25374441355 0.0
-1.7684703629 0.487995286377 0.0
-5.56442938308 4.19259257193 0.0
-0.0128429533742 0.764131441611 0.0
-2.71380101611 -0.630741895525 0.0
2.95178224162 -0.0489969885822 0.0
1.21873819794 -0.735093268754 0.0
-0.426205840827 1.22173421891 0.0
-1.26647874867 -1.77084304125 0.0
-1.21785495063 2.72265341288 0.0
0.200429061239 0.875882566929 0.0
1.05954482379 -1.03821997915 0.0
-4.94948385477 -1.18763378754 0.0
-1.23023017876 -2.45154177795 0.0
1.09930244393 -2.14446424454 0.0
2.39647036782 2.60441988899 0.0
1.70738590155 0.421820977172 0.0
-1.14616250211 -1.59254705847 0.0
0.848261201553 0.6116256023 0.0
-2.29472462948 6.00152219325 0.0
2.43143250412 2.11834436954 0.0
-3.77101938333 1.52044976182 0.0
2.99630536662 3.95776788112 0.0
1.85479742455 2.1871623189 0.0
-0.453591327287 0.915097357124 0.0
0.675969339305 -2.15018124088 0.0
0.0269799306881 0.68054419857 0.0
-0.294566260178 -2.02426851446 0.0
0.658866756099 0.193175106233 0.0
0.891976032625 0.89730622918 0.0
1.38774914516 -3.48144920945 0.0
2.9874573628 -0.664326515416 0.0
0.620398129473 -1.44685783912 0.0
-3.56163220494 -1.82009542879 0.0
-0.899091673607 0.252179836068 0.0
-1.02906628011 -0.184086617537 0.0
-0.0962720532351 -1.77927779542 0.0
-0.180641254024 0.86683844278 0.0
-6.47025738059 2.03221845101 0.0
-3.07413891961 0.47416053641 0.0
0.218687414142 -1.34184995865 0.0
2.04962361558 -1.50312966736 0.0
2.43531751167 -0.0106903820352 0.0
-5.61898861011 -1.03783024904 0.0
0.90259443338 -1.486113488 0.0
-3.79145603657 1.85647530578 0.0
1.79686409322 -2.73515097564 0.0
-0.379230236397 -1.42787962119 0.0
1.20223611558 -0.430212505351 0.0
0.288778362699 1.52781482101 0.0
-0.446251139293 1.94331190825 0.0
-0.157604696286 0.810560064171 0.0
1.91201913686 -2.65750474041 0.0
-3.63908262791 -1.45889917025 0.0
-2.93078632987 2.44522265414 0.0
4.5192128857 -0.224351520224 0.0
2.77763153594 -0.662512700469 0.0
2.94565041827 3.9048337906 0.0
-0.267532998919 -2.95168114385 0.0
0.0927358076289 1.98966177098 0.0
0.63315571746 1.30371632067 0.0
-2.37322145299 5.70949795091 0.0
0.732846788998 1.83600767589 0.0
5.58023796136 1.36873662871 0.0
