equilater_T=0.0
30
1 1 1 1 1 1 1 1 1 1 1 1 1 1 1 1 1 1 1 1 1 1 1 1 1 1 1 1 1 1
0.25 0.25 0.0
1.25 0.25 0.0
2.25 0.25 0.0
3.25 0.25 0.0
4.25 0.25 0.0
0.25 1.98205080757 0.0
1.25 1.98205080757 0.0
2.25 1.98205080757 0.0
3.25 1.98205080757 0.0
4.25 1.98205080757 0.0
0.25 3.71410161514 0.0
1.25 3.71410161514 0.0
2.25 3.71410161514 0.0
3.25 3.71410161514 0.0
4.25 3.71410161514 0.0
0.75 1.11602540378 0.0
1.75 1.11602540378 0.0
2.75 1.11602540378 0.0
3.75 1.11602540378 0.0
4.75 1.11602540378 0.0
0.75 2.84807621135 0.0
1.75 2.84807621135 0.0
2.75 2.84807621135 0.0
3.75 2.84807621135 0.0
4.75 2.84807621135 0.0
0.75 4.58012701892 0.0
1.75 4.58012701892 0.0
2.75 4.58012701892 0.0
3.75 4.58012701892 0.0
4.75 4.58012701892 0.0
0.0 0.0 0.0
0.0 0.0 0.0
0.0 0.0 0.0
0.0 0.0 0.0
0.0 0.0 0.0
0.0 0.0 0.0
0.0 0.0 0.0
0.0 0.0 0.0
0.0 0.0 0.0
0.0 0.0 0.0
0.0 0.0 0.0
0.0 0.0 0.0
0.0 0.0 0.0
0.0 0.0 0.0
0.0 0.0 0.0
0.0 0.0 0.0
0.0 0.0 0.0
0.0 0.0 0.0
0.0 0.0 0.0
0.0 0.0 0.0
0.0 0.0 0.0
0.0 0.0 0.0
0.0 0.0 0.0
0.0 0.0 0.0
0.0 0.0 0.0
0.0 0.0 0.0
0.0 0.0 0.0
0.0 0.0 0.0
0.0 0.0 0.0
0.0 0.0 0.0
