equilater_T=8.42105263158
200
1 1 1 1 1 1 1 1 1 1 1 1 1 1 1 1 1 1 1 1 1 1 1 1 1 1 1 1 1 1 1 1 1 1 1 1 1 1 1 1 1 1 1 1 1 1 1 1 1 1 1 1 1 1 1 1 1 1 1 1 1 1 1 1 1 1 1 1 1 1 1 1 1 1 1 1 1 1 1 1 1 1 1 1 1 1 1 1 1 1 1 1 1 1 1 1 1 1 1 1 1 1 1 1 1 1 1 1 1 1 1 1 1 1 1 1 1 1 1 1 1 1 1 1 1 1 1 1 1 1 1 1 1 1 1 1 1 1 1 1 1 1 1 1 1 1 1 1 1 1 1 1 1 1 1 1 1 1 1 1 1 1 1 1 1 1 1 1 1 1 1 1 1 1 1 1 1 1 1 1 1 1 1 1 1 1 1 1 1 1 1 1 1 1 1 1 1 1 1 1
1.0 1.73205080757 0.0
2.0 1.73205080757 0.0
3.0 1.73205080757 0.0
4.0 1.73205080757 0.0
5.0 1.73205080757 0.0
6.0 1.73205080757 0.0
7.0 1.73205080757 0.0
8.0 1.73205080757 0.0
9.0 1.73205080757 0.0
10.0 1.73205080757 0.0
1.0 3.46410161514 0.0
2.0 3.46410161514 0.0
3.0 3.46410161514 0.0
4.0 3.46410161514 0.0
5.0 3.46410161514 0.0
6.0 3.46410161514 0.0
7.0 3.46410161514 0.0
8.0 3.46410161514 0.0
9.0 3.46410161514 0.0
10.0 3.46410161514 0.0
1.0 5.19615242271 0.0
2.0 5.19615242271 0.0
3.0 5.19615242271 0.0
4.0 5.19615242271 0.0
5.0 5.19615242271 0.0
6.0 5.19615242271 0.0
7.0 5.19615242271 0.0
8.0 5.19615242271 0.0
9.0 5.19615242271 0.0
10.0 5.19615242271 0.0
1.0 6.92820323028 0.0
2.0 6.92820323028 0.0
3.0 6.92820323028 0.0
4.0 6.92820323028 0.0
5.0 6.92820323028 0.0
6.0 6.92820323028 0.0
7.0 6.92820323028 0.0
8.0 6.92820323028 0.0
9.0 6.92820323028 0.0
10.0 6.92820323028 0.0
1.0 8.66025403784 0.0
2.0 8.66025403784 0.0
3.0 8.66025403784 0.0
4.0 8.66025403784 0.0
5.0 8.66025403784 0.0
6.0 8.66025403784 0.0
7.0 8.66025403784 0.0
8.0 8.66025403784 0.0
9.0 8.66025403784 0.0
10.0 8.66025403784 0.0
1.0 10.3923048454 0.0
2.0 10.3923048454 0.0
3.0 10.3923048454 0.0
4.0 10.3923048454 0.0
5.0 10.3923048454 0.0
6.0 10.3923048454 0.0
7.0 10.3923048454 0.0
8.0 10.3923048454 0.0
9.0 10.3923048454 0.0
10.0 10.3923048454 0.0
1.0 12.124355653 0.0
2.0 12.124355653 0.0
3.0 12.124355653 0.0
4.0 12.124355653 0.0
5.0 12.124355653 0.0
6.0 12.124355653 0.0
7.0 12.124355653 0.0
8.0 12.124355653 0.0
9.0 12.124355653 0.0
10.0 12.124355653 0.0
1.0 13.8564064606 0.0
2.0 13.8564064606 0.0
3.0 13.8564064606 0.0
4.0 13.8564064606 0.0
5.0 13.8564064606 0.0
6.0 13.8564064606 0.0
7.0 13.8564064606 0.0
8.0 13.8564064606 0.0
9.0 13.8564064606 0.0
10.0 13.8564064606 0.0
1.0 15.5884572681 0.0
2.0 15.5884572681 0.0
3.0 15.5884572681 0.0
4.0 15.5884572681 0.0
5.0 15.5884572681 0.0
6.0 15.5884572681 0.0
7.0 15.5884572681 0.0
8.0 15.5884572681 0.0
9.0 15.5884572681 0.0
10.0 15.5884572681 0.0
1.0 17.3205080757 0.0
2.0 17.3205080757 0.0
3.0 17.3205080757 0.0
4.0 17.3205080757 0.0
5.0 17.3205080757 0.0
6.0 17.3205080757 0.0
7.0 17.3205080757 0.0
8.0 17.3205080757 0.0
9.0 17.3205080757 0.0
10.0 17.3205080757 0.0
1.5 2.59807621135 0.0
2.5 2.59807621135 0.0
3.5 2.59807621135 0.0
4.5 2.59807621135 0.0
5.5 2.59807621135 0.0
6.5 2.59807621135 0.0
7.5 2.59807621135 0.0
8.5 2.59807621135 0.0
9.5 2.59807621135 0.0
10.5 2.59807621135 0.0
1.5 4.33012701892 0.0
2.5 4.33012701892 0.0
3.5 4.33012701892 0.0
4.5 4.33012701892 0.0
5.5 4.33012701892 0.0
6.5 4.33012701892 0.0
7.5 4.33012701892 0.0
8.5 4.33012701892 0.0
9.5 4.33012701892 0.0
10.5 4.33012701892 0.0
1.5 6.06217782649 0.0
2.5 6.06217782649 0.0
3.5 6.06217782649 0.0
4.5 6.06217782649 0.0
5.5 6.06217782649 0.0
6.5 6.06217782649 0.0
7.5 6.06217782649 0.0
8.5 6.06217782649 0.0
9.5 6.06217782649 0.0
10.5 6.06217782649 0.0
1.5 7.79422863406 0.0
2.5 7.79422863406 0.0
3.5 7.79422863406 0.0
4.5 7.79422863406 0.0
5.5 7.79422863406 0.0
6.5 7.79422863406 0.0
7.5 7.79422863406 0.0
8.5 7.79422863406 0.0
9.5 7.79422863406 0.0
10.5 7.79422863406 0.0
1.5 9.52627944163 0.0
2.5 9.52627944163 0.0
3.5 9.52627944163 0.0
4.5 9.52627944163 0.0
5.5 9.52627944163 0.0
6.5 9.52627944163 0.0
7.5 9.52627944163 0.0
8.5 9.52627944163 0.0
9.5 9.52627944163 0.0
10.5 9.52627944163 0.0
1.5 11.2583302492 0.0
2.5 11.2583302492 0.0
3.5 11.2583302492 0.0
4.5 11.2583302492 0.0
5.5 11.2583302492 0.0
6.5 11.2583302492 0.0
7.5 11.2583302492 0.0
8.5 11.2583302492 0.0
9.5 11.2583302492 0.0
10.5 11.2583302492 0.0
1.5 12.9903810568 0.0
2.5 12.9903810568 0.0
3.5 12.9903810568 0.0
4.5 12.9903810568 0.0
5.5 12.9903810568 0.0
6.5 12.9903810568 0.0
7.5 12.9903810568 0.0
8.5 12.9903810568 0.0
9.5 12.9903810568 0.0
10.5 12.9903810568 0.0
1.5 14.7224318643 0.0
2.5 14.7224318643 0.0
3.5 14.7224318643 0.0
4.5 14.7224318643 0.0
5.5 14.7224318643 0.0
6.5 14.7224318643 0.0
7.5 14.7224318643 0.0
8.5 14.7224318643 0.0
9.5 14.7224318643 0.0
10.5 14.7224318643 0.0
1.5 16.4544826719 0.0
2.5 16.4544826719 0.0
3.5 16.4544826719 0.0
4.5 16.4544826719 0.0
5.5 16.4544826719 0.0
6.5 16.4544826719 0.0
7.5 16.4544826719 0.0
8.5 16.4544826719 0.0
9.5 16.4544826719 0.0
10.5 16.4544826719 0.0
1.5 18.1865334795 0.0
2.5 18.1865334795 0.0
3.5 18.1865334795 0.0
4.5 18.1865334795 0.0
5.5 18.1865334795 0.0
6.5 18.1865334795 0.0
7.5 18.1865334795 0.0
8.5 18.1865334795 0.0
9.5 18.1865334795 0.0
10.5 18.1865334795 0.0
1.75347511675 -0.207672043488 0.0
-2.43201523095 1.25544952594 0.0
0.39508272916 5.24626619799 0.0
1.94431929186 3.49923098853 0.0
1.86844489746 -3.21009269962 0.0
-2.14732808871 -3.7004884206 0.0
-3.63212241994 -1.96361931249 0.0
1.93894640892 -1.46302681626 0.0
-0.512845390997 -1.67274999002 0.0
-4.5674387647 2.39263564311 0.0
0.0849100257325 -2.22777431853 0.0
2.52973645519 -9.58381176976 0.0
2.20426183022 2.658565541 0.0
1.96008717591 -4.62002780053 0.0
0.560928955742 -0.0222723318803 0.0
-0.9293521663 2.97601906732 0.0
-2.51982429735 0.125471524975 0.0
3.4598124306 -4.76225052048 0.0
0.732405990335 -5.21774575219 0.0
2.21865113731 2.96292900772 0.0
1.38458595643 -1.79747021566 0.0
1.94232129376 2.07850147309 0.0
5.53629122755 1.63094608718 0.0
2.79054883684 1.52277274328 0.0
1.20123955851 1.55086351788 0.0
6.73911018262 1.90578866478 0.0
-3.44569429071 -0.451984045491 0.0
0.0694093849715 -0.845708480564 0.0
-1.66261666709 3.93505551038 0.0
-3.21421275471 3.25505624865 0.0
-3.38382755909 -1.02592768157 0.0
3.13103848932 -2.80308425181 0.0
-8.14844064657 -1.96432290479 0.0
1.5165886593 -2.81931343138 0.0
3.25240120024 -0.696275454291 0.0
-3.68679587626 1.45199727783 0.0
-0.952937182662 -5.8773088318 0.0
0.805400674345 -1.35896988372 0.0
-1.60497672002 -3.26497291975 0.0
0.837192028173 4.96032707153 0.0
-3.21892929573 -4.62405121866 0.0
1.21169789193 3.7816175681 0.0
1.38933534361 2.03148307879 0.0
1.2617241281 3.35913361566 0.0
0.00351558683067 2.27949670249 0.0
4.30154385654 -1.77086568477 0.0
3.0998520643 1.3129364056 0.0
4.7478451956 -1.62898341114 0.0
-5.03202470514 1.01970864564 0.0
3.58818593689 -1.02660747939 0.0
0.411534878884 1.04123025251 0.0
-3.13641682039 1.25895066918 0.0
-5.06946052055 1.31020666057 0.0
-1.75854406317 1.41481134642 0.0
-0.257775974764 -4.0314449212 0.0
1.80695882072 3.62999924975 0.0
0.503430940558 5.89279109303 0.0
-0.384680987007 0.779732528697 0.0
0.203876943322 0.639172095025 0.0
2.20767487531 -0.566694159834 0.0
-0.738743353432 -3.52555810684 0.0
-2.10577554921 0.0457567740698 0.0
2.61283969273 6.8472656276 0.0
-1.44132573356 1.25592704793 0.0
0.906180255816 4.02160798217 0.0
3.80457272099 -1.04268454859 0.0
-1.97391556554 -3.60196377359 0.0
5.69171004849 -3.99272782469 0.0
0.716015801203 1.26070212736 0.0
1.7471464893 -2.11239440507 0.0
1.44675581412 3.74898221748 0.0
-0.641822863355 4.53632097518 0.0
2.06181366078 -2.73515739564 0.0
2.41053504803 2.21459004269 0.0
-0.625222553452 -1.59413022712 0.0
-1.38050988609 -3.61518790168 0.0
-1.02541938982 1.36348555597 0.0
2.69500018702 0.829631863814 0.0
2.39048541001 -1.08517680967 0.0
-0.378187083175 -7.3226180092 0.0
-1.1198167022 1.10078302497 0.0
0.960122955036 1.74816961584 0.0
1.2079615082 1.77197758889 0.0
3.30109025051 -1.50784171126 0.0
8.497904601 -0.657625703849 0.0
2.32020999869 -0.0644603458899 0.0
-0.545274831573 0.866695635217 0.0
-0.878090787918 2.18862312683 0.0
5.25677283704 -3.3563342541 0.0
0.4564443571 -4.0807632309 0.0
4.02237034948 -2.81403960457 0.0
3.98157076264 -1.09833974999 0.0
1.06555044476 3.57931981782 0.0
-3.14238758224 -0.5231963912 0.0
1.85927449181 -3.67145173782 0.0
-4.07240824526 -3.40542217068 0.0
2.09491365598 1.80097429015 0.0
-3.63045326025 0.800718162328 0.0
5.83304288231 0.251566467454 0.0
-2.78975277326 2.95829126308 0.0
-0.802060434247 -0.453266151138 0.0
-1.25411944876 -4.00711200036 0.0
0.344156975902 -4.17201199128 0.0
1.30678927528 -2.34658457155 0.0
-2.96218390212 3.57568209013 0.0
-5.72352735455 1.80258943149 0.0
1.42475262167 4.0010065912 0.0
-4.22446319819 -0.661004033247 0.0
0.778199852176 -1.67990908537 0.0
-2.69147564182 -1.54678331613 0.0
3.30592103319 -1.11507372462 0.0
0.12384616386 -8.11051826254 0.0
-4.58989020144 -0.823685376223 0.0
-0.903780918527 3.77146223255 0.0
4.47464306131 1.20781299338 0.0
6.88403410271 -1.21956457573 0.0
1.17873158434 3.50385512733 0.0
2.49255762831 1.82866363459 0.0
0.674731781911 -5.88480391518 0.0
1.59414564459 1.79878467222 0.0
-1.20207985715 -2.13788084586 0.0
-0.522556524945 4.18058882418 0.0
6.57776453678 -1.47101539562 0.0
2.20538774862 -2.11296657409 0.0
2.99739693211 -1.18611712282 0.0
6.6299822406 -0.263900108546 0.0
3.55138060698 -4.6133012552 0.0
4.60474084537 3.31437397011 0.0
2.53766329899 -3.23931281093 0.0
4.75753831408 1.87113318162 0.0
-1.83448603363 2.64769276057 0.0
0.569055135227 0.123322104547 0.0
2.10665891381 -3.26315014211 0.0
1.08516169175 -1.67058351093 0.0
-7.8484254244 -1.15697228548 0.0
2.90293171266 -1.98575971431 0.0
1.3659290212 -0.558688222727 0.0
-5.16071216201 1.86589223094 0.0
-0.418912509633 1.01038595765 0.0
4.16218921149 -6.74642568769 0.0
-0.666305917337 -0.270410042827 0.0
-3.66162664103 -4.33225772664 0.0
-1.10372373034 3.94029300497 0.0
3.18937001688 1.10724317086 0.0
-0.267491091541 0.717924702865 0.0
-0.56951273805 -2.50934288418 0.0
-1.04766515119 -1.36016313048 0.0
-4.404973395 -1.3348688366 0.0
-0.879505304088 -3.86227484921 0.0
-1.77663936055 0.581585569408 0.0
1.80265679971 4.31113097532 0.0
1.04450955713 -3.16361461079 0.0
-3.30183206754 -1.55419801417 0.0
-1.7821498174 3.61239741851 0.0
-3.38281017981 1.78118167728 0.0
-0.15703844429 3.7364327301 0.0
-4.51777252031 -4.39466314429 0.0
-1.61005175874 2.2768382495 0.0
2.39952243043 1.61794803145 0.0
2.80157800817 -0.599333367289 0.0
5.61930293901 0.268215740487 0.0
-7.05294425441 1.74342402548 0.0
-3.0816360419 -6.12748223035 0.0
3.53292279456 2.01367109876 0.0
0.319825782841 5.10734515935 0.0
-4.21023628517 -4.79620845997 0.0
-0.232300489646 4.47729653556 0.0
-2.13625252983 -2.00721820989 0.0
-2.72693276901 -2.47111497309 0.0
2.20247955703 -4.92916870008 0.0
-2.15444816117 0.380179108251 0.0
-0.711938320063 1.32382464782 0.0
2.74264526501 3.80137741585 0.0
-3.6973233442 -4.16137235281 0.0
-4.59475450895 -1.70594741101 0.0
1.8105310042 9.27784175061 0.0
0.858374638253 -5.47645778989 0.0
2.01324977918 -1.59189280922 0.0
-4.45426964667 1.04738755918 0.0
-2.83957842944 -1.39870591076 0.0
-1.41823945553 4.15309813751 0.0
1.12088600453 6.81348191697 0.0
0.604006971888 3.27487946961 0.0
-2.0133964238 2.43206310025 0.0
-0.768529893072 -2.04322122415 0.0
1.97895797094 -2.43042878283 0.0
0.643226660345 2.2564076267 0.0
-2.35105747229 4.40228693352 0.0
-3.18568880154 4.23379731891 0.0
-0.268046344767 -1.36767614794 0.0
6.84227328853 -0.750403661115 0.0
-3.53951512412 -3.73636955265 0.0
-0.693561214811 -3.59834180084 0.0
3.1621782772 4.46935266887 0.0
-1.77566867458 -1.54019655859 0.0
-7.53240708846 3.00043248471 0.0
-1.27475030001 0.894152021839 0.0
0.407345521749 3.23278977434 0.0
-1.4696624389 0.401775258474 0.0
-2.55429756625 -6.10558241332 0.0
