equilater_T=10.0
200
1 1 1 1 1 1 1 1 1 1 1 1 1 1 1 1 1 1 1 1 1 1 1 1 1 1 1 1 1 1 1 1 1 1 1 1 1 1 1 1 1 1 1 1 1 1 1 1 1 1 1 1 1 1 1 1 1 1 1 1 1 1 1 1 1 1 1 1 1 1 1 1 1 1 1 1 1 1 1 1 1 1 1 1 1 1 1 1 1 1 1 1 1 1 1 1 1 1 1 1 1 1 1 1 1 1 1 1 1 1 1 1 1 1 1 1 1 1 1 1 1 1 1 1 1 1 1 1 1 1 1 1 1 1 1 1 1 1 1 1 1 1 1 1 1 1 1 1 1 1 1 1 1 1 1 1 1 1 1 1 1 1 1 1 1 1 1 1 1 1 1 1 1 1 1 1 1 1 1 1 1 1 1 1 1 1 1 1 1 1 1 1 1 1 1 1 1 1 1 1
1.0 1.73205080757 0.0
2.0 1.73205080757 0.0
3.0 1.73205080757 0.0
4.0 1.73205080757 0.0
5.0 1.73205080757 0.0
6.0 1.73205080757 0.0
7.0 1.73205080757 0.0
8.0 1.73205080757 0.0
9.0 1.73205080757 0.0
10.0 1.73205080757 0.0
1.0 3.46410161514 0.0
2.0 3.46410161514 0.0
3.0 3.46410161514 0.0
4.0 3.46410161514 0.0
5.0 3.46410161514 0.0
6.0 3.46410161514 0.0
7.0 3.46410161514 0.0
8.0 3.46410161514 0.0
9.0 3.46410161514 0.0
10.0 3.46410161514 0.0
1.0 5.19615242271 0.0
2.0 5.19615242271 0.0
3.0 5.19615242271 0.0
4.0 5.19615242271 0.0
5.0 5.19615242271 0.0
6.0 5.19615242271 0.0
7.0 5.19615242271 0.0
8.0 5.19615242271 0.0
9.0 5.19615242271 0.0
10.0 5.19615242271 0.0
1.0 6.92820323028 0.0
2.0 6.92820323028 0.0
3.0 6.92820323028 0.0
4.0 6.92820323028 0.0
5.0 6.92820323028 0.0
6.0 6.92820323028 0.0
7.0 6.92820323028 0.0
8.0 6.92820323028 0.0
9.0 6.92820323028 0.0
10.0 6.92820323028 0.0
1.0 8.66025403784 0.0
2.0 8.66025403784 0.0
3.0 8.66025403784 0.0
4.0 8.66025403784 0.0
5.0 8.66025403784 0.0
6.0 8.66025403784 0.0
7.0 8.66025403784 0.0
8.0 8.66025403784 0.0
9.0 8.66025403784 0.0
10.0 8.66025403784 0.0
1.0 10.3923048454 0.0
2.0 10.3923048454 0.0
3.0 10.3923048454 0.0
4.0 10.3923048454 0.0
5.0 10.3923048454 0.0
6.0 10.3923048454 0.0
7.0 10.3923048454 0.0
8.0 10.3923048454 0.0
9.0 10.3923048454 0.0
10.0 10.3923048454 0.0
1.0 12.124355653 0.0
2.0 12.124355653 0.0
3.0 12.124355653 0.0
4.0 12.124355653 0.0
5.0 12.124355653 0.0
6.0 12.124355653 0.0
7.0 12.124355653 0.0
8.0 12.124355653 0.0
9.0 12.124355653 0.0
10.0 12.124355653 0.0
1.0 13.8564064606 0.0
2.0 13.8564064606 0.0
3.0 13.8564064606 0.0
4.0 13.8564064606 0.0
5.0 13.8564064606 0.0
6.0 13.8564064606 0.0
7.0 13.8564064606 0.0
8.0 13.8564064606 0.0
9.0 13.8564064606 0.0
10.0 13.8564064606 0.0
1.0 15.5884572681 0.0
2.0 15.5884572681 0.0
3.0 15.5884572681 0.0
4.0 15.5884572681 0.0
5.0 15.5884572681 0.0
6.0 15.5884572681 0.0
7.0 15.5884572681 0.0
8.0 15.5884572681 0.0
9.0 15.5884572681 0.0
10.0 15.5884572681 0.0
1.0 17.3205080757 0.0
2.0 17.3205080757 0.0
3.0 17.3205080757 0.0
4.0 17.3205080757 0.0
5.0 17.3205080757 0.0
6.0 17.3205080757 0.0
7.0 17.3205080757 0.0
8.0 17.3205080757 0.0
9.0 17.3205080757 0.0
10.0 17.3205080757 0.0
1.5 2.59807621135 0.0
2.5 2.59807621135 0.0
3.5 2.59807621135 0.0
4.5 2.59807621135 0.0
5.5 2.59807621135 0.0
6.5 2.59807621135 0.0
7.5 2.59807621135 0.0
8.5 2.59807621135 0.0
9.5 2.59807621135 0.0
10.5 2.59807621135 0.0
1.5 4.33012701892 0.0
2.5 4.33012701892 0.0
3.5 4.33012701892 0.0
4.5 4.33012701892 0.0
5.5 4.33012701892 0.0
6.5 4.33012701892 0.0
7.5 4.33012701892 0.0
8.5 4.33012701892 0.0
9.5 4.33012701892 0.0
10.5 4.33012701892 0.0
1.5 6.06217782649 0.0
2.5 6.06217782649 0.0
3.5 6.06217782649 0.0
4.5 6.06217782649 0.0
5.5 6.06217782649 0.0
6.5 6.06217782649 0.0
7.5 6.06217782649 0.0
8.5 6.06217782649 0.0
9.5 6.06217782649 0.0
10.5 6.06217782649 0.0
1.5 7.79422863406 0.0
2.5 7.79422863406 0.0
3.5 7.79422863406 0.0
4.5 7.79422863406 0.0
5.5 7.79422863406 0.0
6.5 7.79422863406 0.0
7.5 7.79422863406 0.0
8.5 7.79422863406 0.0
9.5 7.79422863406 0.0
10.5 7.79422863406 0.0
1.5 9.52627944163 0.0
2.5 9.52627944163 0.0
3.5 9.52627944163 0.0
4.5 9.52627944163 0.0
5.5 9.52627944163 0.0
6.5 9.52627944163 0.0
7.5 9.52627944163 0.0
8.5 9.52627944163 0.0
9.5 9.52627944163 0.0
10.5 9.52627944163 0.0
1.5 11.2583302492 0.0
2.5 11.2583302492 0.0
3.5 11.2583302492 0.0
4.5 11.2583302492 0.0
5.5 11.2583302492 0.0
6.5 11.2583302492 0.0
7.5 11.2583302492 0.0
8.5 11.2583302492 0.0
9.5 11.2583302492 0.0
10.5 11.2583302492 0.0
1.5 12.9903810568 0.0
2.5 12.9903810568 0.0
3.5 12.9903810568 0.0
4.5 12.9903810568 0.0
5.5 12.9903810568 0.0
6.5 12.9903810568 0.0
7.5 12.9903810568 0.0
8.5 12.9903810568 0.0
9.5 12.9903810568 0.0
10.5 12.9903810568 0.0
1.5 14.7224318643 0.0
2.5 14.7224318643 0.0
3.5 14.7224318643 0.0
4.5 14.7224318643 0.0
5.5 14.7224318643 0.0
6.5 14.7224318643 0.0
7.5 14.7224318643 0.0
8.5 14.7224318643 0.0
9.5 14.7224318643 0.0
10.5 14.7224318643 0.0
1.5 16.4544826719 0.0
2.5 16.4544826719 0.0
3.5 16.4544826719 0.0
4.5 16.4544826719 0.0
5.5 16.4544826719 0.0
6.5 16.4544826719 0.0
7.5 16.4544826719 0.0
8.5 16.4544826719 0.0
9.5 16.4544826719 0.0
10.5 16.4544826719 0.0
1.5 18.1865334795 0.0
2.5 18.1865334795 0.0
3.5 18.1865334795 0.0
4.5 18.1865334795 0.0
5.5 18.1865334795 0.0
6.5 18.1865334795 0.0
7.5 18.1865334795 0.0
8.5 18.1865334795 0.0
9.5 18.1865334795 0.0
10.5 18.1865334795 0.0
-4.24217737442 2.58340282995 0.0
0.708107903245 3.0591090453 0.0
1.59332006271 0.262232017609 0.0
1.92556445511 3.50207637306 0.0
-2.92359554455 6.23200558291 0.0
-1.45508154714 4.15320240054 0.0
5.67219418863 2.01434094094 0.0
2.21936213052 1.4845605275 0.0
5.20475062526 1.10155741168 0.0
0.534716652265 5.92507094767 0.0
-0.796806587563 4.43514925775 0.0
-2.50725434799 -0.604193476795 0.0
-0.398176097287 -2.54808760236 0.0
2.04140117924 1.46840527265 0.0
-1.77859032987 -2.11212562601 0.0
0.67991225325 -4.75997104511 0.0
3.59005389467 -6.56821322989 0.0
2.83004806374 0.174362335877 0.0
-5.95467896483 1.24065642214 0.0
-3.41192322176 2.9576279217 0.0
-1.66920510399 0.507033259274 0.0
1.74138028665 -0.355679940983 0.0
-1.05539868465 2.74616684347 0.0
2.69428168971 -2.9510115359 0.0
0.124159845434 -0.0807287502852 0.0
0.366572089443 2.4343116425 0.0
0.17711192566 9.05387783947 0.0
-2.5910628655 2.46362873634 0.0
-3.37874253557 0.259949266464 0.0
-4.22075329806 -4.66071706445 0.0
4.43820071894 1.54605872965 0.0
-0.671940357635 5.30763130402 0.0
3.26307120954 -0.728295953786 0.0
-9.40957195581 -1.93255154331 0.0
-1.20393267551 -4.14457768436 0.0
0.274538056168 -3.03625127434 0.0
-3.33040252566 -2.24438440975 0.0
1.02455410132 0.568354581952 0.0
-0.191788310142 -4.51228263025 0.0
-0.48375943039 2.79611115396 0.0
-5.04431139152 -4.38458110949 0.0
-2.53431425747 0.587152292451 0.0
1.81270679771 1.5288984618 0.0
-0.0195153592074 -0.869536950429 0.0
0.933834873399 -2.96090739101 0.0
0.944564962492 1.81233699768 0.0
-2.00434522497 -2.20333763459 0.0
3.36273236892 -2.06675495997 0.0
1.88045976248 3.45941340088 0.0
0.662518986526 0.446549392418 0.0
2.42857414721 0.578306075503 0.0
3.11585279881 1.89383405919 0.0
-1.28580984429 1.29802334172 0.0
-2.83886063484 1.22258129854 0.0
4.69962515723 -0.667522188563 0.0
0.961134675726 2.84229866958 0.0
-3.82624996727 3.52460711798 0.0
2.89480111977 -2.67518536096 0.0
-0.934213611312 -0.356375162646 0.0
2.94875441915 -6.26158460359 0.0
-3.70994613526 1.43266801666 0.0
1.71304402481 0.836658111294 0.0
0.25412471228 3.57954703359 0.0
-2.43849823911 -2.57018625629 0.0
-1.06170041993 -2.55003902724 0.0
-3.09535883824 0.878662761946 0.0
2.2538130942 -0.612509246464 0.0
2.91212508983 -1.47023826711 0.0
-2.95282984583 -4.10405038392 0.0
-1.02028345973 1.02606824637 0.0
3.30813469216 4.42137386436 0.0
-1.9438820025 -3.89509345311 0.0
-4.49752874185 -2.27382380933 0.0
-4.94509766113 4.1127528476 0.0
-2.04521015692 0.37794985101 0.0
-2.25170461885 4.91929504839 0.0
1.90294147172 0.192598379256 0.0
3.61396364964 -1.21878712023 0.0
0.745541978122 2.61833352803 0.0
1.94448197358 0.726325002249 0.0
2.95969548739 1.13942734294 0.0
-1.13305742735 9.36951143727 0.0
3.35447308851 -1.85987655346 0.0
7.39268018718 1.07390315252 0.0
2.70800413268 -4.31279778704 0.0
-1.94735711378 1.94140391025 0.0
1.63772574657 5.71769604517 0.0
-5.5879125327 1.99760864565 0.0
-0.985093052498 -6.6343820718 0.0
-2.35751894743 -6.85272154977 0.0
3.38235935255 1.32910048892 0.0
5.01700677363 1.72396728472 0.0
-1.71776290319 -3.20902006659 0.0
0.858989819625 2.07371528 0.0
-2.50176475391 2.06861381437 0.0
1.72766737278 -0.524699881632 0.0
0.236706716926 2.37142548853 0.0
-1.85951053343 -1.97288919188 0.0
3.31291309511 -2.1558740572 0.0
-5.56052665017 4.86931917547 0.0
-3.00696852339 3.13108038101 0.0
3.66100019129 5.83900882733 0.0
4.22108357861 0.775855461921 0.0
0.143622218617 2.64643625323 0.0
0.573177284032 0.608100988862 0.0
-3.25557511751 3.8937801247 0.0
6.73231305008 0.373880375786 0.0
-0.0617718781696 5.52935543942 0.0
-2.8761216617 -3.91369344106 0.0
3.17170523578 -4.81445276593 0.0
3.09649954494 -0.41281932252 0.0
-0.608356305344 -6.27060274818 0.0
0.540185002813 2.21094053383 0.0
0.340249813796 1.49020513114 0.0
3.11161701453 4.78566489432 0.0
1.59669033317 -0.563500615514 0.0
-3.92962777337 -2.04177230389 0.0
0.773427229557 3.34830233262 0.0
-0.190756620743 -1.06239847402 0.0
-2.2532846343 -5.4521334553 0.0
-2.19757349174 -2.37605831862 0.0
1.29009513493 -1.87316207806 0.0
-1.94697962315 -2.62527102452 0.0
2.23476688403 1.46078367153 0.0
2.40864324739 -0.735665744504 0.0
3.04576195629 3.46949817605 0.0
-1.12642219231 2.61329440762 0.0
-2.39870279063 -5.44646010576 0.0
4.49672467925 2.26580357233 0.0
-7.48211126084 -1.28330042153 0.0
-4.32935781601 -5.79391997023 0.0
-2.66444940816 -2.36071941127 0.0
4.06424381365 4.86441017787 0.0
1.21006136591 -2.16189580192 0.0
1.30000234843 -2.42618189131 0.0
0.696658069692 -2.45456773789 0.0
-2.02981264072 -3.23664356254 0.0
-4.43098142495 -5.3212910207 0.0
-4.64293463839 2.01246387183 0.0
3.15420707379 -0.881509418603 0.0
1.13911847069 0.859091765405 0.0
-0.70665373001 -1.68368097056 0.0
0.0811025982699 2.79432452787 0.0
-6.82505069818 1.09512050098 0.0
2.21686491107 1.5780483469 0.0
2.72513237242 -2.55113890011 0.0
0.73285614446 2.7853159359 0.0
-2.29531981304 1.10796875407 0.0
0.644751996012 1.2523567822 0.0
-1.4343990704 -0.70277478058 0.0
-2.25256795704 -5.12071941571 0.0
-4.72727928392 -0.414222361371 0.0
3.02935909504 1.80194497877 0.0
0.678847034251 2.81539702049 0.0
-5.25826994688 -0.203691047564 0.0
-1.05834068515 3.04502793733 0.0
-2.49478305657 5.97110306413 0.0
-2.78316538721 3.08381692134 0.0
-2.63092173676 2.73141949461 0.0
0.0886936964988 -0.103471486725 0.0
3.26519091359 -9.24512248315 0.0
-0.733520969603 -0.398962518862 0.0
2.6067100531 -2.28453059248 0.0
-1.77652424383 0.80306411333 0.0
-0.125575935389 3.75946841028 0.0
5.45997227778 -0.551607694242 0.0
1.45224931452 -3.71997525018 0.0
4.75126448403 3.34312116052 0.0
-2.51319414192 6.71429806411 0.0
4.58810236078 2.64901577248 0.0
-0.509359107752 1.71191853273 0.0
-1.16396987172 2.42593892977 0.0
-0.395493496549 0.372618754137 0.0
3.48108336427 -4.47181421472 0.0
-4.76123953588 -0.702893066025 0.0
6.95474273391 2.40990650696 0.0
-7.51363224934 0.925236037963 0.0
-1.69535846187 -5.64738077309 0.0
3.77273896253 -4.7424516003 0.0
-0.88851273282 -0.545668968325 0.0
0.213583237072 -0.647438696633 0.0
-0.316929650132 1.22047682155 0.0
-3.97996847905 1.02988649549 0.0
5.74915332479 4.3882554051 0.0
3.00060061523 0.691828421271 0.0
0.351779025028 0.864963193338 0.0
1.56739889329 -2.9436011345 0.0
-2.81635461511 -1.00157169567 0.0
2.27315653815 0.195101569224 0.0
1.61665975994 -4.08633410942 0.0
-3.34862750117 0.40020326102 0.0
1.21283510369 -0.351769943681 0.0
5.24931098926 -5.04759567574 0.0
-0.431840871207 1.59141831761 0.0
2.60906412293 0.192367189082 0.0
3.77192854231 0.372390231074 0.0
1.58748760844 0.622103113945 0.0
0.645734251118 1.49538760155 0.0
3.05837763859 -2.80540057532 0.0
3.65380932343 -0.117899267974 0.0
