equilater_T=6.66666666667
20
1 1 1 1 1 1 1 1 1 1 1 1 1 1 1 1 1 1 1 1
3.12246204831 3.94416129724 0.0
4.24492409662 3.94416129724 0.0
5.36738614493 3.94416129724 0.0
6.48984819324 3.94416129724 0.0
7.61231024155 3.94416129724 0.0
3.12246204831 5.88832259448 0.0
4.24492409662 5.88832259448 0.0
5.36738614493 5.88832259448 0.0
6.48984819324 5.88832259448 0.0
7.61231024155 5.88832259448 0.0
3.68369307246 4.91624194586 0.0
4.80615512077 4.91624194586 0.0
5.92861716908 4.91624194586 0.0
7.05107921739 4.91624194586 0.0
8.1735412657 4.91624194586 0.0
3.68369307246 6.8604032431 0.0
4.80615512077 6.8604032431 0.0
5.92861716908 6.8604032431 0.0
7.05107921739 6.8604032431 0.0
8.1735412657 6.8604032431 0.0
1.54188955006 -0.0349580151781 0.0
-3.58583456016 1.0124370007 0.0
-0.875387187519 2.53684577098 0.0
-1.9816282949 0.422941108893 0.0
-2.54454338846 -6.53058703531 0.0
-4.13067242474 -1.91445517225 0.0
2.98815849447 -0.787950889796 0.0
-0.565313497476 -1.87770249855 0.0
2.86517318692 -0.474471885812 0.0
-0.429402121448 1.98933535041 0.0
-3.07047810762 -2.28824261041 0.0
1.304808194 -0.13328725195 0.0
-1.29211008439 1.52679517823 0.0
-2.13687572833 -0.377252028267 0.0
0.960592067473 0.142548502023 0.0
-4.73252158273 1.02915069235 0.0
-1.95317143119 -3.75168206962 0.0
-2.7128807228 -1.23255161443 0.0
-0.184431457758 2.96102485339 0.0
0.636864671353 -0.445878884211 0.0
