equilater_T=3.68421052632
200
1 1 1 1 1 1 1 1 1 1 1 1 1 1 1 1 1 1 1 1 1 1 1 1 1 1 1 1 1 1 1 1 1 1 1 1 1 1 1 1 1 1 1 1 1 1 1 1 1 1 1 1 1 1 1 1 1 1 1 1 1 1 1 1 1 1 1 1 1 1 1 1 1 1 1 1 1 1 1 1 1 1 1 1 1 1 1 1 1 1 1 1 1 1 1 1 1 1 1 1 1 1 1 1 1 1 1 1 1 1 1 1 1 1 1 1 1 1 1 1 1 1 1 1 1 1 1 1 1 1 1 1 1 1 1 1 1 1 1 1 1 1 1 1 1 1 1 1 1 1 1 1 1 1 1 1 1 1 1 1 1 1 1 1 1 1 1 1 1 1 1 1 1 1 1 1 1 1 1 1 1 1 1 1 1 1 1 1 1 1 1 1 1 1 1 1 1 1 1 1
1.0 1.73205080757 0.0
2.0 1.73205080757 0.0
3.0 1.73205080757 0.0
4.0 1.73205080757 0.0
5.0 1.73205080757 0.0
6.0 1.73205080757 0.0
7.0 1.73205080757 0.0
8.0 1.73205080757 0.0
9.0 1.73205080757 0.0
10.0 1.73205080757 0.0
1.0 3.46410161514 0.0
2.0 3.46410161514 0.0
3.0 3.46410161514 0.0
4.0 3.46410161514 0.0
5.0 3.46410161514 0.0
6.0 3.46410161514 0.0
7.0 3.46410161514 0.0
8.0 3.46410161514 0.0
9.0 3.46410161514 0.0
10.0 3.46410161514 0.0
1.0 5.19615242271 0.0
2.0 5.19615242271 0.0
3.0 5.19615242271 0.0
4.0 5.19615242271 0.0
5.0 5.19615242271 0.0
6.0 5.19615242271 0.0
7.0 5.19615242271 0.0
8.0 5.19615242271 0.0
9.0 5.19615242271 0.0
10.0 5.19615242271 0.0
1.0 6.92820323028 0.0
2.0 6.92820323028 0.0
3.0 6.92820323028 0.0
4.0 6.92820323028 0.0
5.0 6.92820323028 0.0
6.0 6.92820323028 0.0
7.0 6.92820323028 0.0
8.0 6.92820323028 0.0
9.0 6.92820323028 0.0
10.0 6.92820323028 0.0
1.0 8.66025403784 0.0
2.0 8.66025403784 0.0
3.0 8.66025403784 0.0
4.0 8.66025403784 0.0
5.0 8.66025403784 0.0
6.0 8.66025403784 0.0
7.0 8.66025403784 0.0
8.0 8.66025403784 0.0
9.0 8.66025403784 0.0
10.0 8.66025403784 0.0
1.0 10.3923048454 0.0
2.0 10.3923048454 0.0
3.0 10.3923048454 0.0
4.0 10.3923048454 0.0
5.0 10.3923048454 0.0
6.0 10.3923048454 0.0
7.0 10.3923048454 0.0
8.0 10.3923048454 0.0
9.0 10.3923048454 0.0
10.0 10.3923048454 0.0
1.0 12.124355653 0.0
2.0 12.124355653 0.0
3.0 12.124355653 0.0
4.0 12.124355653 0.0
5.0 12.124355653 0.0
6.0 12.124355653 0.0
7.0 12.124355653 0.0
8.0 12.124355653 0.0
9.0 12.124355653 0.0
10.0 12.124355653 0.0
1.0 13.8564064606 0.0
2.0 13.8564064606 0.0
3.0 13.8564064606 0.0
4.0 13.8564064606 0.0
5.0 13.8564064606 0.0
6.0 13.8564064606 0.0
7.0 13.8564064606 0.0
8.0 13.8564064606 0.0
9.0 13.8564064606 0.0
10.0 13.8564064606 0.0
1.0 15.5884572681 0.0
2.0 15.5884572681 0.0
3.0 15.5884572681 0.0
4.0 15.5884572681 0.0
5.0 15.5884572681 0.0
6.0 15.5884572681 0.0
7.0 15.5884572681 0.0
8.0 15.5884572681 0.0
9.0 15.5884572681 0.0
10.0 15.5884572681 0.0
1.0 17.3205080757 0.0
2.0 17.3205080757 0.0
3.0 17.3205080757 0.0
4.0 17.3205080757 0.0
5.0 17.3205080757 0.0
6.0 17.3205080757 0.0
7.0 17.3205080757 0.0
8.0 17.3205080757 0.0
9.0 17.3205080757 0.0
10.0 17.3205080757 0.0
1.5 2.59807621135 0.0
2.5 2.59807621135 0.0
3.5 2.59807621135 0.0
4.5 2.59807621135 0.0
5.5 2.59807621135 0.0
6.5 2.59807621135 0.0
7.5 2.59807621135 0.0
8.5 2.59807621135 0.0
9.5 2.59807621135 0.0
10.5 2.59807621135 0.0
1.5 4.33012701892 0.0
2.5 4.33012701892 0.0
3.5 4.33012701892 0.0
4.5 4.33012701892 0.0
5.5 4.33012701892 0.0
6.5 4.33012701892 0.0
7.5 4.33012701892 0.0
8.5 4.33012701892 0.0
9.5 4.33012701892 0.0
10.5 4.33012701892 0.0
1.5 6.06217782649 0.0
2.5 6.06217782649 0.0
3.5 6.06217782649 0.0
4.5 6.06217782649 0.0
5.5 6.06217782649 0.0
6.5 6.06217782649 0.0
7.5 6.06217782649 0.0
8.5 6.06217782649 0.0
9.5 6.06217782649 0.0
10.5 6.06217782649 0.0
1.5 7.79422863406 0.0
2.5 7.79422863406 0.0
3.5 7.79422863406 0.0
4.5 7.79422863406 0.0
5.5 7.79422863406 0.0
6.5 7.79422863406 0.0
7.5 7.79422863406 0.0
8.5 7.79422863406 0.0
9.5 7.79422863406 0.0
10.5 7.79422863406 0.0
1.5 9.52627944163 0.0
2.5 9.52627944163 0.0
3.5 9.52627944163 0.0
4.5 9.52627944163 0.0
5.5 9.52627944163 0.0
6.5 9.52627944163 0.0
7.5 9.52627944163 0.0
8.5 9.52627944163 0.0
9.5 9.52627944163 0.0
10.5 9.52627944163 0.0
1.5 11.2583302492 0.0
2.5 11.2583302492 0.0
3.5 11.2583302492 0.0
4.5 11.2583302492 0.0
5.5 11.2583302492 0.0
6.5 11.2583302492 0.0
7.5 11.2583302492 0.0
8.5 11.2583302492 0.0
9.5 11.2583302492 0.0
10.5 11.2583302492 0.0
1.5 12.9903810568 0.0
2.5 12.9903810568 0.0
3.5 12.9903810568 0.0
4.5 12.9903810568 0.0
5.5 12.9903810568 0.0
6.5 12.9903810568 0.0
7.5 12.9903810568 0.0
8.5 12.9903810568 0.0
9.5 12.9903810568 0.0
10.5 12.9903810568 0.0
1.5 14.7224318643 0.0
2.5 14.7224318643 0.0
3.5 14.7224318643 0.0
4.5 14.7224318643 0.0
5.5 14.7224318643 0.0
6.5 14.7224318643 0.0
7.5 14.7224318643 0.0
8.5 14.7224318643 0.0
9.5 14.7224318643 0.0
10.5 14.7224318643 0.0
1.5 16.4544826719 0.0
2.5 16.4544826719 0.0
3.5 16.4544826719 0.0
4.5 16.4544826719 0.0
5.5 16.4544826719 0.0
6.5 16.4544826719 0.0
7.5 16.4544826719 0.0
8.5 16.4544826719 0.0
9.5 16.4544826719 0.0
10.5 16.4544826719 0.0
1.5 18.1865334795 0.0
2.5 18.1865334795 0.0
3.5 18.1865334795 0.0
4.5 18.1865334795 0.0
5.5 18.1865334795 0.0
6.5 18.1865334795 0.0
7.5 18.1865334795 0.0
8.5 18.1865334795 0.0
9.5 18.1865334795 0.0
10.5 18.1865334795 0.0
-0.550391218062 -4.07112662845 0.0
-0.231298082013 2.67551996657 0.0
0.885973670425 2.09958778741 0.0
-0.631353254992 2.11043058206 0.0
1.45694732879 1.23859825279 0.0
-3.88057663886 -0.203938683477 0.0
-1.97663330722 0.679974751514 0.0
-0.68225727091 -0.486666150046 0.0
0.4532934951 2.81228202943 0.0
1.85067624338 -0.479214136798 0.0
-0.587711977087 -1.65099896064 0.0
1.90869058935 1.94943559024 0.0
-1.5555397448 -0.256150075024 0.0
1.26017859073 -1.01033815169 0.0
-0.528389311216 -1.27794990186 0.0
3.07498580979 1.08825010271 0.0
1.67190364745 -0.449228947304 0.0
1.07617957748 -0.912989959946 0.0
2.85221846451 -2.45262095279 0.0
-0.737534682737 1.59829965445 0.0
-0.971388012314 -0.722237538636 0.0
1.02281803879 3.15080629528 0.0
-1.28272113064 -1.19298102079 0.0
0.771102480025 -0.349674478565 0.0
-0.506981753328 -0.224781165281 0.0
-0.793950017326 -0.195558991241 0.0
-0.225104210237 -1.06459984591 0.0
-2.21483874959 4.04007215798 0.0
1.23945610857 -1.00569601554 0.0
0.237017405289 -0.918716085426 0.0
0.831187530667 2.78244991622 0.0
-2.40465581059 2.32475696595 0.0
1.00737098023 1.06024007781 0.0
-0.00534042434399 -0.275448950159 0.0
-0.723976384996 2.94071597847 0.0
3.42571850974 2.80872908179 0.0
0.619865492093 -2.92590862843 0.0
0.367268477114 0.881554463732 0.0
3.08840902646 0.330379725348 0.0
-3.47506641434 5.52433376975 0.0
0.305861410901 -1.27619662074 0.0
0.10842793992 -1.75432066249 0.0
-4.3359389746 3.64634011787 0.0
2.30278859866 -0.632739340196 0.0
-0.17596885562 1.67566725809 0.0
3.24822779756 1.50648533998 0.0
-1.05877804932 -0.393152112125 0.0
1.44451075102 0.320985251982 0.0
1.84624898847 2.04167392479 0.0
-1.17071702544 -2.07929332828 0.0
-0.317016501201 0.33668726805 0.0
2.7256468486 0.0952851053269 0.0
0.196807559359 -0.756933631592 0.0
0.574410600074 -0.378003996996 0.0
1.3424038025 -2.92037150751 0.0
-0.586849052338 -1.19425210058 0.0
0.396476276793 -1.55332607763 0.0
2.17873769573 2.07136062342 0.0
1.87240655264 4.69985183163 0.0
-2.87032538114 -0.084742333353 0.0
0.0190563999212 -4.44659084916 0.0
0.144652454871 -0.460969854451 0.0
-2.9218953524 -0.222781434835 0.0
-0.476063593532 -0.772158250765 0.0
-3.09591214188 -0.902993419208 0.0
1.7242915849 1.69953007551 0.0
1.30534042606 -2.5262750965 0.0
-1.17862077027 -0.547903125881 0.0
-1.01670570594 0.649533161508 0.0
0.163516254463 1.61778068707 0.0
-1.35552629124 -1.06319019188 0.0
-2.41168102384 1.34567885035 0.0
0.336869751783 1.34918091456 0.0
-1.07781854651 2.16497540212 0.0
-1.64382221719 -2.48865720619 0.0
-1.38091897632 3.04452279903 0.0
-2.69309909648 -2.38321894752 0.0
-2.01895053186 0.186775425425 0.0
0.188651938791 -1.05768012848 0.0
0.070913755773 0.761646958768 0.0
-1.26568138272 0.528348770018 0.0
-0.913710057131 0.734969778339 0.0
1.91139784937 0.0453473694568 0.0
1.10116522267 1.96878461224 0.0
-0.466671978993 -1.97853792632 0.0
0.404230203229 -2.51526574888 0.0
-0.234812164926 -1.5005551263 0.0
1.90678442136 1.81732962323 0.0
0.864069174576 -3.4891927855 0.0
1.72053166921 -1.32502069424 0.0
1.60184747168 2.76203449636 0.0
1.44568679686 2.78967825127 0.0
2.54401217114 -1.23328520144 0.0
0.879542211057 1.37476563729 0.0
-2.4594051546 -2.87738599715 0.0
-0.634123461158 -3.83739191641 0.0
-2.40613015877 -0.818518539324 0.0
0.360109072838 1.52991694654 0.0
-1.84121531201 0.75004346095 0.0
0.67931065646 1.60978081526 0.0
0.783173911847 -0.532362224648 0.0
-2.7203892395 -1.90584543162 0.0
0.157615678108 0.849245424739 0.0
0.275650735398 -2.41918907657 0.0
-0.920733527416 -1.68014482977 0.0
-0.116186823125 -0.270357931799 0.0
1.75589629617 0.989481331225 0.0
-1.58795256055 -1.15380466141 0.0
-0.739429729995 -2.12855549832 0.0
2.12793824443 1.52199377493 0.0
0.731419591067 0.506822492835 0.0
-2.77561381149 -3.36904769993 0.0
3.08371060825 0.149778663512 0.0
-1.73551211191 -1.14844453587 0.0
1.64530099003 1.72465240637 0.0
0.869716335901 2.70811283625 0.0
1.65137375487 -0.245743542024 0.0
-1.19074396127 -2.31148409742 0.0
-1.0729797011 0.0469792548533 0.0
2.09640260196 -1.42415781253 0.0
-0.726779158461 2.19825639483 0.0
-1.47228911835 2.24683132158 0.0
-1.48936200048 3.99725149785 0.0
-1.24247624761 -1.53172258424 0.0
-0.273942856109 -0.48247084193 0.0
-1.22447874361 4.05208005205 0.0
0.130664746476 -2.63578887584 0.0
-0.237527164311 1.46895860695 0.0
3.12406251262 -0.470726449969 0.0
2.73047214759 0.628324677743 0.0
1.78867070802 -2.42865327912 0.0
1.47991133162 0.528578043745 0.0
-2.35757561961 0.767742674366 0.0
-1.53768185731 1.74868885172 0.0
1.40366681923 3.9265455178 0.0
-1.73131245591 1.4688275062 0.0
-0.232963102685 2.2102130055 0.0
0.220926589169 -2.83329831686 0.0
-0.146256105551 0.968427357055 0.0
2.01832801899 -1.18511634022 0.0
-0.884717240255 -0.550493495556 0.0
1.74432098498 0.375635623873 0.0
-2.1746402481 4.52408920778 0.0
-2.69157710813 0.553311871943 0.0
0.747288357672 -5.05398024917 0.0
1.06396763252 1.52350796239 0.0
-0.560326839242 0.231686112616 0.0
-2.78018745497 -2.52916159582 0.0
-1.70190876411 1.86130997731 0.0
-0.103845027818 -0.207356093404 0.0
1.39322058035 -0.641052036117 0.0
-0.567718791504 1.42391342509 0.0
1.19406330172 -1.64443428412 0.0
1.52212896032 0.318793208603 0.0
-1.2104881361 -1.40682849687 0.0
-1.22786939937 1.01343405189 0.0
1.96121734623 -1.38388317127 0.0
1.54127600758 -2.46807113416 0.0
1.77485173097 -1.21028647534 0.0
-1.31247470776 1.86805669584 0.0
1.43584238212 -1.76161207942 0.0
-2.79337408646 -1.61044196453 0.0
3.65402106563 1.2642156962 0.0
-0.775497226702 0.228664479329 0.0
-0.499063059828 -1.66932843395 0.0
-0.79066986617 -1.20904417276 0.0
0.892355259187 -1.99686499571 0.0
0.00933862391955 0.401362927689 0.0
0.778193503999 -0.955327095208 0.0
1.57029022551 -1.57398325391 0.0
2.52171076925 0.133503455195 0.0
0.76709865253 -1.65415703306 0.0
-1.2179467055 1.27916917586 0.0
-0.616391792731 -0.443958074742 0.0
0.429522670975 2.93347244235 0.0
-1.9130456061 -0.0763917805357 0.0
-2.83226350919 0.565040453973 0.0
0.748166501583 -1.26015376067 0.0
1.49195838204 -0.16472775355 0.0
1.68856708374 3.27227652501 0.0
-3.13422118171 1.00019808657 0.0
-2.22138599356 0.154043569627 0.0
-0.609146514929 1.06583339115 0.0
2.48219871348 1.09992105086 0.0
-1.7163789464 0.737383958232 0.0
0.556644680583 -0.744054543681 0.0
-0.536925587825 1.69144954921 0.0
-0.980670401327 1.39508456086 0.0
2.78775797596 -0.246416451176 0.0
2.59394021923 -0.834097277619 0.0
1.14886073569 -1.03052602413 0.0
0.556508468413 -1.24552067178 0.0
-1.64651869233 -2.73771496755 0.0
1.22821847025 -0.470233482254 0.0
-3.19036476897 -0.533737925927 0.0
2.76831311315 1.20850550137 0.0
1.79777815712 -1.54095786814 0.0
3.59317602512 0.191289124185 0.0
-1.16853459863 1.85225441241 0.0
-0.869623071684 -0.842288721543 0.0
