equilater_T=2.22222222222
20
1 1 1 1 1 1 1 1 1 1 1 1 1 1 1 1 1 1 1 1
3.12246204831 3.94416129724 0.0
4.24492409662 3.94416129724 0.0
5.36738614493 3.94416129724 0.0
6.48984819324 3.94416129724 0.0
7.61231024155 3.94416129724 0.0
3.12246204831 5.88832259448 0.0
4.24492409662 5.88832259448 0.0
5.36738614493 5.88832259448 0.0
6.48984819324 5.88832259448 0.0
7.61231024155 5.88832259448 0.0
3.68369307246 4.91624194586 0.0
4.80615512077 4.91624194586 0.0
5.92861716908 4.91624194586 0.0
7.05107921739 4.91624194586 0.0
8.1735412657 4.91624194586 0.0
3.68369307246 6.8604032431 0.0
4.80615512077 6.8604032431 0.0
5.92861716908 6.8604032431 0.0
7.05107921739 6.8604032431 0.0
8.1735412657 6.8604032431 0.0
1.67759535473 1.5270554411 0.0
1.29778860955 1.49425707438 0.0
-0.246038898957 0.878596817876 0.0
0.924816690555 0.0469698621978 0.0
0.831335476105 0.174632885126 0.0
-0.555991702412 -0.520717963171 0.0
0.276807469402 2.75276645503 0.0
-0.62005842063 -0.79901140984 0.0
-0.486368583803 -2.69931394759 0.0
1.30786685894 -0.624871641278 0.0
0.439100689531 -0.259725302825 0.0
0.482034561918 0.538291059662 0.0
2.10817160257 2.9107960735 0.0
-0.834903586333 -0.649831827557 0.0
0.412280047337 -1.50928023891 0.0
1.72427622315 0.181076794015 0.0
2.82049821163 -0.531885563671 0.0
2.50151910145 -5.49147735056 0.0
-1.57276948663 0.485486733362 0.0
1.41496905993 0.368295545711 0.0
