equilater_T=1.05263157895
200
1 1 1 1 1 1 1 1 1 1 1 1 1 1 1 1 1 1 1 1 1 1 1 1 1 1 1 1 1 1 1 1 1 1 1 1 1 1 1 1 1 1 1 1 1 1 1 1 1 1 1 1 1 1 1 1 1 1 1 1 1 1 1 1 1 1 1 1 1 1 1 1 1 1 1 1 1 1 1 1 1 1 1 1 1 1 1 1 1 1 1 1 1 1 1 1 1 1 1 1 1 1 1 1 1 1 1 1 1 1 1 1 1 1 1 1 1 1 1 1 1 1 1 1 1 1 1 1 1 1 1 1 1 1 1 1 1 1 1 1 1 1 1 1 1 1 1 1 1 1 1 1 1 1 1 1 1 1 1 1 1 1 1 1 1 1 1 1 1 1 1 1 1 1 1 1 1 1 1 1 1 1 1 1 1 1 1 1 1 1 1 1 1 1 1 1 1 1 1 1
1.0 1.73205080757 0.0
2.0 1.73205080757 0.0
3.0 1.73205080757 0.0
4.0 1.73205080757 0.0
5.0 1.73205080757 0.0
6.0 1.73205080757 0.0
7.0 1.73205080757 0.0
8.0 1.73205080757 0.0
9.0 1.73205080757 0.0
10.0 1.73205080757 0.0
1.0 3.46410161514 0.0
2.0 3.46410161514 0.0
3.0 3.46410161514 0.0
4.0 3.46410161514 0.0
5.0 3.46410161514 0.0
6.0 3.46410161514 0.0
7.0 3.46410161514 0.0
8.0 3.46410161514 0.0
9.0 3.46410161514 0.0
10.0 3.46410161514 0.0
1.0 5.19615242271 0.0
2.0 5.19615242271 0.0
3.0 5.19615242271 0.0
4.0 5.19615242271 0.0
5.0 5.19615242271 0.0
6.0 5.19615242271 0.0
7.0 5.19615242271 0.0
8.0 5.19615242271 0.0
9.0 5.19615242271 0.0
10.0 5.19615242271 0.0
1.0 6.92820323028 0.0
2.0 6.92820323028 0.0
3.0 6.92820323028 0.0
4.0 6.92820323028 0.0
5.0 6.92820323028 0.0
6.0 6.92820323028 0.0
7.0 6.92820323028 0.0
8.0 6.92820323028 0.0
9.0 6.92820323028 0.0
10.0 6.92820323028 0.0
1.0 8.66025403784 0.0
2.0 8.66025403784 0.0
3.0 8.66025403784 0.0
4.0 8.66025403784 0.0
5.0 8.66025403784 0.0
6.0 8.66025403784 0.0
7.0 8.66025403784 0.0
8.0 8.66025403784 0.0
9.0 8.66025403784 0.0
10.0 8.66025403784 0.0
1.0 10.3923048454 0.0
2.0 10.3923048454 0.0
3.0 10.3923048454 0.0
4.0 10.3923048454 0.0
5.0 10.3923048454 0.0
6.0 10.3923048454 0.0
7.0 10.3923048454 0.0
8.0 10.3923048454 0.0
9.0 10.3923048454 0.0
10.0 10.3923048454 0.0
1.0 12.124355653 0.0
2.0 12.124355653 0.0
3.0 12.124355653 0.0
4.0 12.124355653 0.0
5.0 12.124355653 0.0
6.0 12.124355653 0.0
7.0 12.124355653 0.0
8.0 12.124355653 0.0
9.0 12.124355653 0.0
10.0 12.124355653 0.0
1.0 13.8564064606 0.0
2.0 13.8564064606 0.0
3.0 13.8564064606 0.0
4.0 13.8564064606 0.0
5.0 13.8564064606 0.0
6.0 13.8564064606 0.0
7.0 13.8564064606 0.0
8.0 13.8564064606 0.0
9.0 13.8564064606 0.0
10.0 13.8564064606 0.0
1.0 15.5884572681 0.0
2.0 15.5884572681 0.0
3.0 15.5884572681 0.0
4.0 15.5884572681 0.0
5.0 15.5884572681 0.0
6.0 15.5884572681 0.0
7.0 15.5884572681 0.0
8.0 15.5884572681 0.0
9.0 15.5884572681 0.0
10.0 15.5884572681 0.0
1.0 17.3205080757 0.0
2.0 17.3205080757 0.0
3.0 17.3205080757 0.0
4.0 17.3205080757 0.0
5.0 17.3205080757 0.0
6.0 17.3205080757 0.0
7.0 17.3205080757 0.0
8.0 17.3205080757 0.0
9.0 17.3205080757 0.0
10.0 17.3205080757 0.0
1.5 2.59807621135 0.0
2.5 2.59807621135 0.0
3.5 2.59807621135 0.0
4.5 2.59807621135 0.0
5.5 2.59807621135 0.0
6.5 2.59807621135 0.0
7.5 2.59807621135 0.0
8.5 2.59807621135 0.0
9.5 2.59807621135 0.0
10.5 2.59807621135 0.0
1.5 4.33012701892 0.0
2.5 4.33012701892 0.0
3.5 4.33012701892 0.0
4.5 4.33012701892 0.0
5.5 4.33012701892 0.0
6.5 4.33012701892 0.0
7.5 4.33012701892 0.0
8.5 4.33012701892 0.0
9.5 4.33012701892 0.0
10.5 4.33012701892 0.0
1.5 6.06217782649 0.0
2.5 6.06217782649 0.0
3.5 6.06217782649 0.0
4.5 6.06217782649 0.0
5.5 6.06217782649 0.0
6.5 6.06217782649 0.0
7.5 6.06217782649 0.0
8.5 6.06217782649 0.0
9.5 6.06217782649 0.0
10.5 6.06217782649 0.0
1.5 7.79422863406 0.0
2.5 7.79422863406 0.0
3.5 7.79422863406 0.0
4.5 7.79422863406 0.0
5.5 7.79422863406 0.0
6.5 7.79422863406 0.0
7.5 7.79422863406 0.0
8.5 7.79422863406 0.0
9.5 7.79422863406 0.0
10.5 7.79422863406 0.0
1.5 9.52627944163 0.0
2.5 9.52627944163 0.0
3.5 9.52627944163 0.0
4.5 9.52627944163 0.0
5.5 9.52627944163 0.0
6.5 9.52627944163 0.0
7.5 9.52627944163 0.0
8.5 9.52627944163 0.0
9.5 9.52627944163 0.0
10.5 9.52627944163 0.0
1.5 11.2583302492 0.0
2.5 11.2583302492 0.0
3.5 11.2583302492 0.0
4.5 11.2583302492 0.0
5.5 11.2583302492 0.0
6.5 11.2583302492 0.0
7.5 11.2583302492 0.0
8.5 11.2583302492 0.0
9.5 11.2583302492 0.0
10.5 11.2583302492 0.0
1.5 12.9903810568 0.0
2.5 12.9903810568 0.0
3.5 12.9903810568 0.0
4.5 12.9903810568 0.0
5.5 12.9903810568 0.0
6.5 12.9903810568 0.0
7.5 12.9903810568 0.0
8.5 12.9903810568 0.0
9.5 12.9903810568 0.0
10.5 12.9903810568 0.0
1.5 14.7224318643 0.0
2.5 14.7224318643 0.0
3.5 14.7224318643 0.0
4.5 14.7224318643 0.0
5.5 14.7224318643 0.0
6.5 14.7224318643 0.0
7.5 14.7224318643 0.0
8.5 14.7224318643 0.0
9.5 14.7224318643 0.0
10.5 14.7224318643 0.0
1.5 16.4544826719 0.0
2.5 16.4544826719 0.0
3.5 16.4544826719 0.0
4.5 16.4544826719 0.0
5.5 16.4544826719 0.0
6.5 16.4544826719 0.0
7.5 16.4544826719 0.0
8.5 16.4544826719 0.0
9.5 16.4544826719 0.0
10.5 16.4544826719 0.0
1.5 18.1865334795 0.0
2.5 18.1865334795 0.0
3.5 18.1865334795 0.0
4.5 18.1865334795 0.0
5.5 18.1865334795 0.0
6.5 18.1865334795 0.0
7.5 18.1865334795 0.0
8.5 18.1865334795 0.0
9.5 18.1865334795 0.0
10.5 18.1865334795 0.0
0.0797141834571 0.428260868542 0.0
0.793022466051 0.642603189196 0.0
1.02358462928 -0.59451023789 0.0
-0.754476947685 0.726577996353 0.0
0.03317091688 -0.632346542847 0.0
0.270858298846 1.5823873103 0.0
-0.921989507364 -1.91120943266 0.0
1.1678446972 0.889639816692 0.0
1.55670707523 0.240874737572 0.0
0.792627721706 -0.246235234666 0.0
-0.12022132331 0.800578077373 0.0
0.740773057803 -0.00727553790933 0.0
0.394012118681 1.07849657774 0.0
-0.0469160630938 -0.895145172763 0.0
-1.57076758269 -0.241782555526 0.0
1.82408696046 0.442572004603 0.0
-0.780871328578 -0.656494642268 0.0
-0.196706713528 -0.761492146611 0.0
-2.50581722977 0.612301845005 0.0
0.250379737508 1.20553452347 0.0
2.01650072931 0.531718832698 0.0
-0.489241922518 -0.141996791144 0.0
1.49290718303 1.28171797464 0.0
2.08504672203 -0.216063975371 0.0
1.11694594611 -0.168540478038 0.0
1.11580456641 -0.738293924541 0.0
2.19154914602 -0.962386555876 0.0
-1.43077965936 -0.68196738693 0.0
0.220022539799 -1.00115370111 0.0
-2.25150954089 -0.122022026618 0.0
0.633461843326 0.180065149222 0.0
-0.405923811331 -1.07254513208 0.0
0.309779430062 -1.88036441524 0.0
-0.295579748431 0.114453005096 0.0
1.12538226437 0.326299542096 0.0
0.773623255365 0.663072652812 0.0
-0.0425056694289 -1.0008855801 0.0
1.64585079885 0.182687663576 0.0
-0.299815151623 0.888939524847 0.0
-1.50839643967 1.56725598575 0.0
0.0451532577336 -1.64998088478 0.0
0.990703927951 0.983603924589 0.0
1.32369542171 -2.4502644484 0.0
0.0654834715357 1.27801295621 0.0
-0.527654752254 -0.698240073518 0.0
-0.495842757182 0.665126308723 0.0
-0.98943004334 -0.358272982262 0.0
0.502723979206 -1.08588574612 0.0
-0.375379715233 -1.02551130879 0.0
-1.09405727935 0.254374310297 0.0
-0.641140950208 -0.948597948792 0.0
1.42706303326 1.08277019933 0.0
-0.14401193346 -0.885737352228 0.0
0.291998307616 0.442795313277 0.0
-0.80476812187 0.259876409067 0.0
0.570193016468 0.759717377137 0.0
0.971211325521 -1.42637811342 0.0
0.445176824317 -2.10739514582 0.0
-0.257844528442 0.679274744034 0.0
-0.420743238933 0.746327580343 0.0
-0.15113517183 0.805824195072 0.0
-0.568412113955 -1.20191349154 0.0
-0.516378640087 0.939924826949 0.0
0.779602332082 -0.292820328341 0.0
-0.508218103606 -0.950797425449 0.0
-1.17662324569 0.601859870732 0.0
-0.0857587043181 -1.05255259415 0.0
-1.57584643283 0.688842391099 0.0
0.110308740041 -0.158779032969 0.0
2.09074344475 0.125328851666 0.0
0.90475326476 -0.75355010482 0.0
1.63731511871 2.19444904284 0.0
0.508699793422 0.703079767998 0.0
0.61112237291 0.818221521364 0.0
-1.66255797087 -1.31042729501 0.0
-0.090032097853 -1.04763459037 0.0
-0.586534157777 -1.63540750543 0.0
0.788966914308 -0.168295114857 0.0
-0.583733116241 -1.63372719135 0.0
0.23166541648 1.54330387413 0.0
-0.936328127175 -0.0405295431597 0.0
0.588941599691 0.0102112823501 0.0
1.30363748966 -0.148295039819 0.0
0.262105022493 -1.02423689863 0.0
0.302948082887 -1.04087994285 0.0
0.263465641827 1.23559903903 0.0
-1.7905542097 0.334136212225 0.0
1.05664306331 -0.460049270739 0.0
2.21451730215 2.09154908585 0.0
1.17219140727 0.348712048113 0.0
0.344780111616 0.75515448587 0.0
-0.794356013351 -0.223773251325 0.0
2.09121711426 0.53716913785 0.0
-0.330091049768 -1.52154592725 0.0
3.09131263295 -0.375694868321 0.0
0.0141486404374 1.30977305524 0.0
0.477675762577 2.00310844883 0.0
1.58792656292 -1.27303776225 0.0
0.610545812747 -0.977291107349 0.0
-0.471065660892 1.47657206107 0.0
-0.797457725442 -0.255410231723 0.0
0.133429231223 -0.9333252858 0.0
-0.219931512052 -0.267913162802 0.0
-1.35810061106 0.388378214876 0.0
0.568627286542 -1.44167982332 0.0
1.41006691077 0.208412406077 0.0
0.519685161429 -2.00363422448 0.0
1.49229193417 -0.201587422821 0.0
0.355107605313 -1.135836897 0.0
0.216138210073 0.217356906735 0.0
0.781198789382 -0.530108368079 0.0
-0.712856050524 1.29901258669 0.0
1.58283918397 0.697116258795 0.0
-0.428524357638 0.122753908766 0.0
-0.78232052392 0.383688485855 0.0
0.137237807799 -0.332984496513 0.0
-0.280197323995 1.39135269559 0.0
1.02311544015 0.0248021562474 0.0
-0.0492866766849 0.26878008117 0.0
2.79411617121 1.0780325392 0.0
-0.322075262338 0.714515564467 0.0
0.555300025267 -0.0473006656101 0.0
-0.195626019256 0.36795976098 0.0
1.5265256601 -0.132096430799 0.0
0.683296908568 -0.319450715736 0.0
-0.988338858975 0.0234201008196 0.0
1.20745576847 -0.563835049843 0.0
0.722718366002 0.0236845787594 0.0
-0.600758224398 0.649684706178 0.0
-0.682221192393 -1.54528190453 0.0
-0.188800301383 -0.77398602729 0.0
1.08679534362 0.908398395119 0.0
0.797092977267 -0.681886934944 0.0
0.0835450864206 0.0980501583217 0.0
0.283524993563 1.47483564103 0.0
-0.841435188359 -0.174884095446 0.0
-0.239184666883 -0.110059827283 0.0
1.94097724491 1.93915390735 0.0
-0.718273653429 1.08385412508 0.0
-0.168222057493 0.910844193268 0.0
0.759268196948 1.20623317089 0.0
0.146607168361 -0.836343511381 0.0
1.35891691748 1.16518822524 0.0
-1.07165221835 0.119111673751 0.0
1.17461472531 -0.181442746327 0.0
-0.919966719067 0.217119519227 0.0
-0.674906092639 -2.05209069239 0.0
-0.266122530627 1.35877738573 0.0
0.891697534077 0.120918682734 0.0
-0.0249444540318 -1.37186476948 0.0
-0.390208483754 -0.452052490979 0.0
-1.5568930884 -0.162988555477 0.0
-0.347735831083 -0.64409387072 0.0
-0.854697811763 0.992410723464 0.0
0.519041487693 0.943545751596 0.0
0.146300587006 -1.9698037344 0.0
0.163221529344 0.415647587069 0.0
1.02693904207 0.389974852911 0.0
2.06521786278 0.0926959646584 0.0
-0.454481120077 -1.37858856422 0.0
-0.439986513919 1.64686357243 0.0
-0.639104876169 -0.746703450118 0.0
-0.730066308268 -0.634011538435 0.0
-0.769875058314 1.92529645073 0.0
0.303844613586 1.1604950948 0.0
0.976894763496 0.89473106341 0.0
1.44993319303 0.146421199076 0.0
-0.461246289977 -1.45281355015 0.0
-0.239739497562 -1.06125292003 0.0
-1.68334996855 1.88061483555 0.0
1.18758320254 0.892000943895 0.0
0.0192844863316 0.553514814438 0.0
-1.46204089865 -1.74371267794 0.0
0.0182856445821 1.18657791702 0.0
-1.19958357954 -0.296747963598 0.0
-0.761397069636 0.104463681582 0.0
-0.0311485988993 -0.817491357232 0.0
-1.03259888804 -0.398393267585 0.0
-1.60772696485 0.0532134064617 0.0
-0.523602628648 -0.53922659879 0.0
0.21979770955 0.737246306933 0.0
-0.362313023048 0.0766074860849 0.0
-0.576422336483 -0.238974438911 0.0
1.97703080891 0.918721563958 0.0
0.978798369468 0.794435405803 0.0
-1.00277365391 1.36885861993 0.0
-0.87624037472 1.3683181576 0.0
0.444877411933 1.7067177584 0.0
-1.90614391719 0.125618805091 0.0
-0.66399912448 -1.69692938792 0.0
0.648020689478 0.936079096516 0.0
-0.998305195747 0.525764424821 0.0
-1.60202813439 0.307021805738 0.0
0.4075089931 -1.38645377173 0.0
-0.290383132289 -1.56447312246 0.0
-1.38784726857 -1.1926894578 0.0
0.0455916809158 -1.80990570509 0.0
-0.391132334874 1.08913101683 0.0
-0.284415013725 0.293999119082 0.0
0.952570734326 -0.494805479709 0.0
