equilater_T=0.526315789474
200
1 1 1 1 1 1 1 1 1 1 1 1 1 1 1 1 1 1 1 1 1 1 1 1 1 1 1 1 1 1 1 1 1 1 1 1 1 1 1 1 1 1 1 1 1 1 1 1 1 1 1 1 1 1 1 1 1 1 1 1 1 1 1 1 1 1 1 1 1 1 1 1 1 1 1 1 1 1 1 1 1 1 1 1 1 1 1 1 1 1 1 1 1 1 1 1 1 1 1 1 1 1 1 1 1 1 1 1 1 1 1 1 1 1 1 1 1 1 1 1 1 1 1 1 1 1 1 1 1 1 1 1 1 1 1 1 1 1 1 1 1 1 1 1 1 1 1 1 1 1 1 1 1 1 1 1 1 1 1 1 1 1 1 1 1 1 1 1 1 1 1 1 1 1 1 1 1 1 1 1 1 1 1 1 1 1 1 1 1 1 1 1 1 1 1 1 1 1 1 1
1.0 1.73205080757 0.0
2.0 1.73205080757 0.0
3.0 1.73205080757 0.0
4.0 1.73205080757 0.0
5.0 1.73205080757 0.0
6.0 1.73205080757 0.0
7.0 1.73205080757 0.0
8.0 1.73205080757 0.0
9.0 1.73205080757 0.0
10.0 1.73205080757 0.0
1.0 3.46410161514 0.0
2.0 3.46410161514 0.0
3.0 3.46410161514 0.0
4.0 3.46410161514 0.0
5.0 3.46410161514 0.0
6.0 3.46410161514 0.0
7.0 3.46410161514 0.0
8.0 3.46410161514 0.0
9.0 3.46410161514 0.0
10.0 3.46410161514 0.0
1.0 5.19615242271 0.0
2.0 5.19615242271 0.0
3.0 5.19615242271 0.0
4.0 5.19615242271 0.0
5.0 5.19615242271 0.0
6.0 5.19615242271 0.0
7.0 5.19615242271 0.0
8.0 5.19615242271 0.0
9.0 5.19615242271 0.0
10.0 5.19615242271 0.0
1.0 6.92820323028 0.0
2.0 6.92820323028 0.0
3.0 6.92820323028 0.0
4.0 6.92820323028 0.0
5.0 6.92820323028 0.0
6.0 6.92820323028 0.0
7.0 6.92820323028 0.0
8.0 6.92820323028 0.0
9.0 6.92820323028 0.0
10.0 6.92820323028 0.0
1.0 8.66025403784 0.0
2.0 8.66025403784 0.0
3.0 8.66025403784 0.0
4.0 8.66025403784 0.0
5.0 8.66025403784 0.0
6.0 8.66025403784 0.0
7.0 8.66025403784 0.0
8.0 8.66025403784 0.0
9.0 8.66025403784 0.0
10.0 8.66025403784 0.0
1.0 10.3923048454 0.0
2.0 10.3923048454 0.0
3.0 10.3923048454 0.0
4.0 10.3923048454 0.0
5.0 10.3923048454 0.0
6.0 10.3923048454 0.0
7.0 10.3923048454 0.0
8.0 10.3923048454 0.0
9.0 10.3923048454 0.0
10.0 10.3923048454 0.0
1.0 12.124355653 0.0
2.0 12.124355653 0.0
3.0 12.124355653 0.0
4.0 12.124355653 0.0
5.0 12.124355653 0.0
6.0 12.124355653 0.0
7.0 12.124355653 0.0
8.0 12.124355653 0.0
9.0 12.124355653 0.0
10.0 12.124355653 0.0
1.0 13.8564064606 0.0
2.0 13.8564064606 0.0
3.0 13.8564064606 0.0
4.0 13.8564064606 0.0
5.0 13.8564064606 0.0
6.0 13.8564064606 0.0
7.0 13.8564064606 0.0
8.0 13.8564064606 0.0
9.0 13.8564064606 0.0
10.0 13.8564064606 0.0
1.0 15.5884572681 0.0
2.0 15.5884572681 0.0
3.0 15.5884572681 0.0
4.0 15.5884572681 0.0
5.0 15.5884572681 0.0
6.0 15.5884572681 0.0
7.0 15.5884572681 0.0
8.0 15.5884572681 0.0
9.0 15.5884572681 0.0
10.0 15.5884572681 0.0
1.0 17.3205080757 0.0
2.0 17.3205080757 0.0
3.0 17.3205080757 0.0
4.0 17.3205080757 0.0
5.0 17.3205080757 0.0
6.0 17.3205080757 0.0
7.0 17.3205080757 0.0
8.0 17.3205080757 0.0
9.0 17.3205080757 0.0
10.0 17.3205080757 0.0
1.5 2.59807621135 0.0
2.5 2.59807621135 0.0
3.5 2.59807621135 0.0
4.5 2.59807621135 0.0
5.5 2.59807621135 0.0
6.5 2.59807621135 0.0
7.5 2.59807621135 0.0
8.5 2.59807621135 0.0
9.5 2.59807621135 0.0
10.5 2.59807621135 0.0
1.5 4.33012701892 0.0
2.5 4.33012701892 0.0
3.5 4.33012701892 0.0
4.5 4.33012701892 0.0
5.5 4.33012701892 0.0
6.5 4.33012701892 0.0
7.5 4.33012701892 0.0
8.5 4.33012701892 0.0
9.5 4.33012701892 0.0
10.5 4.33012701892 0.0
1.5 6.06217782649 0.0
2.5 6.06217782649 0.0
3.5 6.06217782649 0.0
4.5 6.06217782649 0.0
5.5 6.06217782649 0.0
6.5 6.06217782649 0.0
7.5 6.06217782649 0.0
8.5 6.06217782649 0.0
9.5 6.06217782649 0.0
10.5 6.06217782649 0.0
1.5 7.79422863406 0.0
2.5 7.79422863406 0.0
3.5 7.79422863406 0.0
4.5 7.79422863406 0.0
5.5 7.79422863406 0.0
6.5 7.79422863406 0.0
7.5 7.79422863406 0.0
8.5 7.79422863406 0.0
9.5 7.79422863406 0.0
10.5 7.79422863406 0.0
1.5 9.52627944163 0.0
2.5 9.52627944163 0.0
3.5 9.52627944163 0.0
4.5 9.52627944163 0.0
5.5 9.52627944163 0.0
6.5 9.52627944163 0.0
7.5 9.52627944163 0.0
8.5 9.52627944163 0.0
9.5 9.52627944163 0.0
10.5 9.52627944163 0.0
1.5 11.2583302492 0.0
2.5 11.2583302492 0.0
3.5 11.2583302492 0.0
4.5 11.2583302492 0.0
5.5 11.2583302492 0.0
6.5 11.2583302492 0.0
7.5 11.2583302492 0.0
8.5 11.2583302492 0.0
9.5 11.2583302492 0.0
10.5 11.2583302492 0.0
1.5 12.9903810568 0.0
2.5 12.9903810568 0.0
3.5 12.9903810568 0.0
4.5 12.9903810568 0.0
5.5 12.9903810568 0.0
6.5 12.9903810568 0.0
7.5 12.9903810568 0.0
8.5 12.9903810568 0.0
9.5 12.9903810568 0.0
10.5 12.9903810568 0.0
1.5 14.7224318643 0.0
2.5 14.7224318643 0.0
3.5 14.7224318643 0.0
4.5 14.7224318643 0.0
5.5 14.7224318643 0.0
6.5 14.7224318643 0.0
7.5 14.7224318643 0.0
8.5 14.7224318643 0.0
9.5 14.7224318643 0.0
10.5 14.7224318643 0.0
1.5 16.4544826719 0.0
2.5 16.4544826719 0.0
3.5 16.4544826719 0.0
4.5 16.4544826719 0.0
5.5 16.4544826719 0.0
6.5 16.4544826719 0.0
7.5 16.4544826719 0.0
8.5 16.4544826719 0.0
9.5 16.4544826719 0.0
10.5 16.4544826719 0.0
1.5 18.1865334795 0.0
2.5 18.1865334795 0.0
3.5 18.1865334795 0.0
4.5 18.1865334795 0.0
5.5 18.1865334795 0.0
6.5 18.1865334795 0.0
7.5 18.1865334795 0.0
8.5 18.1865334795 0.0
9.5 18.1865334795 0.0
10.5 18.1865334795 0.0
-0.0433792188551 0.598343879279 0.0
-1.31575663197 0.961229449933 0.0
-0.484811069947 0.692149074319 0.0
0.31936895806 -0.549076429003 0.0
0.831788843965 0.378392763489 0.0
-1.07935787501 -0.534870565264 0.0
0.586435485635 0.0740001183266 0.0
1.36347140148 -0.494837474791 0.0
-0.639151589685 -0.247756353156 0.0
0.233930032633 -1.08878438816 0.0
1.26617793426 -0.0334089681792 0.0
-0.146080567546 0.14319972396 0.0
0.515051395331 0.570868364301 0.0
-0.852108915792 0.0923771294056 0.0
0.765008671544 -0.227940066744 0.0
0.761744255216 0.912485560054 0.0
1.34715695718 1.66292655549 0.0
-0.608071325583 0.127807392824 0.0
-0.444069201675 0.971950369009 0.0
-0.189545803325 -0.352278842346 0.0
-1.35232861674 0.144385675004 0.0
-0.553495952898 -0.382269427538 0.0
0.496720580699 0.906144603702 0.0
-0.277554296746 -0.18461681718 0.0
-0.0731909091235 0.0999448199723 0.0
0.608566576617 0.138138944973 0.0
-0.209749353471 0.121705543964 0.0
-0.268983024396 0.427415506519 0.0
0.31482982871 1.64762871264 0.0
0.977002443847 -0.428910545132 0.0
-1.07006789147 -0.0472845168224 0.0
0.111762782653 0.776687342697 0.0
0.350930500824 0.0765634142615 0.0
1.13681929869 1.75410484301 0.0
-0.524466036299 1.11244240535 0.0
-0.282947041815 0.0215867586579 0.0
0.369036118991 0.390262931499 0.0
0.873910923239 0.371707791107 0.0
0.0933516409334 -1.46200581097 0.0
0.00557367354642 0.654894979379 0.0
0.0435794542178 -0.183846005214 0.0
1.07493335728 0.295607650808 0.0
0.496182326877 -0.413058653062 0.0
-0.129074019865 1.13538168507 0.0
0.505341169411 0.579890169425 0.0
0.379230996772 0.128937724287 0.0
0.38515808405 0.0628426236216 0.0
-0.713877581848 0.147445434575 0.0
0.00649861246749 0.745845997227 0.0
-0.868998917712 -0.128650072519 0.0
-0.643724316161 0.884856053164 0.0
0.663979708237 1.03540905093 0.0
-0.964268356654 -0.700559583063 0.0
-1.04105429833 -0.38903161844 0.0
0.178237455099 -1.33277309093 0.0
0.344327499128 -0.304831092126 0.0
0.825637194596 1.11752573014 0.0
0.141368351666 -0.0409338334671 0.0
0.512802912488 0.432412733537 0.0
0.440274916403 -1.35531615496 0.0
0.986848625134 1.03095942074 0.0
0.31049914939 -0.138208437275 0.0
0.503680023842 0.568184175861 0.0
-0.208745165953 -0.686395443943 0.0
0.086941266947 -0.240644638429 0.0
-0.51895000564 -0.019880685869 0.0
-0.218485423315 -0.142752407838 0.0
0.0309462065767 0.39840100364 0.0
-0.0142127775948 -1.3168312152 0.0
0.595088018763 0.406901252857 0.0
-0.676177421198 1.20341178909 0.0
-0.626268068935 0.850862633069 0.0
1.01469588142 -1.14616162275 0.0
-0.112784721312 0.579300632814 0.0
0.152728418417 -1.38613397251 0.0
-0.611670611043 0.534659474082 0.0
1.04354022196 0.41472329917 0.0
0.262194019837 0.00150963227981 0.0
-0.505009935285 0.193151519855 0.0
-0.46291356262 1.30665108411 0.0
0.0401406226333 0.564206311615 0.0
0.462089389109 0.113357058467 0.0
-0.427485781919 0.394551233294 0.0
-1.39880293311 -0.274355493476 0.0
-0.123795535722 -0.226663491204 0.0
-0.753583029372 0.181531009173 0.0
0.297291280013 -0.51776562113 0.0
-0.231433534723 1.06320754195 0.0
0.707160699289 0.461610260258 0.0
1.34097988579 0.501469886346 0.0
0.458102143261 0.0643795745461 0.0
0.981703147269 1.13320130161 0.0
-0.00279571097638 1.15490482958 0.0
0.901046555619 -0.532634033284 0.0
-0.79548925575 1.13191482929 0.0
1.03857053504 0.227291756438 0.0
1.38480241057 -0.52358411756 0.0
-0.811175026654 -0.689470102271 0.0
0.316886992844 1.05028495062 0.0
0.0341155418865 -1.4856352792 0.0
1.22400010195 1.51107280049 0.0
0.16806615237 0.547565207555 0.0
-0.0800892471131 0.616372102123 0.0
-0.531802490535 -0.141230197966 0.0
-1.40075814524 0.981676528481 0.0
-0.211978067677 -1.28954376151 0.0
1.9352174962 0.805372015685 0.0
0.321770880731 0.288821800486 0.0
-0.263437076174 0.352800632289 0.0
0.451903833237 -0.360864766221 0.0
-0.449151088949 0.113074929276 0.0
0.775207259596 0.248958128943 0.0
0.368432655255 -0.176314260218 0.0
-0.323720377847 0.186204734608 0.0
0.20382522901 0.591753137746 0.0
0.172673443643 1.04713222308 0.0
1.44378655616 -0.634040316235 0.0
0.634183407599 0.294654004655 0.0
0.852089477074 -1.62891594904 0.0
-0.313755575631 0.347897064328 0.0
-0.249230118789 0.301214927576 0.0
0.428370201868 -1.70964710513 0.0
-0.890185694372 0.63809015978 0.0
0.814135619588 -0.86879325773 0.0
-0.763116548206 0.612220629922 0.0
-0.230812967779 -1.10987306015 0.0
0.266399269346 0.670907673793 0.0
0.0540634750616 0.0725243101936 0.0
0.608663487041 -1.05563420954 0.0
-0.589116712909 1.02767768356 0.0
-0.903719960352 0.713190131038 0.0
0.561329393981 0.860407774617 0.0
-0.988451220068 0.167494226403 0.0
0.871394324537 1.18351960518 0.0
-0.700795777362 0.0853750437839 0.0
-0.313034154813 0.396788735573 0.0
0.639088033947 1.94725002016 0.0
1.44109522581 0.184706131788 0.0
-0.0841424367175 -0.709683194403 0.0
0.77539711145 0.626258560679 0.0
-0.707028844007 0.0177729016811 0.0
-0.768027037354 0.148542012224 0.0
-0.463070333854 1.02571109384 0.0
-0.690479526529 0.870091804735 0.0
-0.0417430222726 -0.256959250001 0.0
-0.886892712085 0.190390237458 0.0
-0.493361123071 -1.68611554186 0.0
0.752201651829 0.619762460719 0.0
-0.103662984579 -0.599592953573 0.0
-0.682332018297 1.4195331317 0.0
0.890245831704 0.390944520761 0.0
0.415199833389 -0.183569302809 0.0
1.44822339294 -0.168118861844 0.0
0.417723410967 0.598708439096 0.0
0.694539365907 -0.117099283748 0.0
0.100048576823 1.06286493848 0.0
0.634346853769 -0.14787175884 0.0
0.100424316313 0.85647897087 0.0
-0.0380089054983 0.159512127467 0.0
0.0532522065933 0.0784518392332 0.0
-0.0977048448256 -0.405234871373 0.0
1.07846879922 -0.384427339634 0.0
-0.424899430167 1.25908642727 0.0
-0.738603681874 -0.819217160876 0.0
0.04106831625 -0.406797878717 0.0
0.321700063598 -1.31117308319 0.0
-0.781582329719 -0.215631139923 0.0
0.0971492794296 0.147335001268 0.0
-0.391223341181 -0.613433836823 0.0
-0.128657437755 2.05105293099 0.0
0.486594233427 0.119671041612 0.0
0.492615211558 0.431604855361 0.0
0.384098279171 0.475765987817 0.0
-0.558083154252 -0.193170343781 0.0
0.608232711432 -0.684352186767 0.0
0.120355609577 1.34994524723 0.0
0.851043529546 -1.12206431575 0.0
0.382729191552 0.599922799803 0.0
0.146199516107 -0.368219885664 0.0
0.180151638086 0.302681116779 0.0
0.356289688942 -0.309321694763 0.0
0.523212738728 1.38132722171 0.0
-0.822596244478 -0.848493552708 0.0
-0.167653125152 0.164745425133 0.0
0.370873375083 -0.39762604987 0.0
0.45099062425 -0.126242181661 0.0
0.0105536723178 0.721383912959 0.0
-0.663567437497 -1.85892338755 0.0
1.2587549976 -0.186159394394 0.0
-0.408773362468 -0.55341298063 0.0
-0.196912403193 0.564582765409 0.0
0.281618559236 -0.107746748352 0.0
-0.60523436449 -1.36797645571 0.0
1.23889683781 0.548291282076 0.0
0.0484798943723 -0.155178794529 0.0
-1.50178207459 0.176197332123 0.0
0.975710125727 -1.12872651642 0.0
1.6799320297 0.193729616499 0.0
0.299088668757 -0.091821915294 0.0
-0.133527189951 -0.159599556113 0.0
