equilater_T=4.21052631579
200
1 1 1 1 1 1 1 1 1 1 1 1 1 1 1 1 1 1 1 1 1 1 1 1 1 1 1 1 1 1 1 1 1 1 1 1 1 1 1 1 1 1 1 1 1 1 1 1 1 1 1 1 1 1 1 1 1 1 1 1 1 1 1 1 1 1 1 1 1 1 1 1 1 1 1 1 1 1 1 1 1 1 1 1 1 1 1 1 1 1 1 1 1 1 1 1 1 1 1 1 1 1 1 1 1 1 1 1 1 1 1 1 1 1 1 1 1 1 1 1 1 1 1 1 1 1 1 1 1 1 1 1 1 1 1 1 1 1 1 1 1 1 1 1 1 1 1 1 1 1 1 1 1 1 1 1 1 1 1 1 1 1 1 1 1 1 1 1 1 1 1 1 1 1 1 1 1 1 1 1 1 1 1 1 1 1 1 1 1 1 1 1 1 1 1 1 1 1 1 1
1.0 1.73205080757 0.0
2.0 1.73205080757 0.0
3.0 1.73205080757 0.0
4.0 1.73205080757 0.0
5.0 1.73205080757 0.0
6.0 1.73205080757 0.0
7.0 1.73205080757 0.0
8.0 1.73205080757 0.0
9.0 1.73205080757 0.0
10.0 1.73205080757 0.0
1.0 3.46410161514 0.0
2.0 3.46410161514 0.0
3.0 3.46410161514 0.0
4.0 3.46410161514 0.0
5.0 3.46410161514 0.0
6.0 3.46410161514 0.0
7.0 3.46410161514 0.0
8.0 3.46410161514 0.0
9.0 3.46410161514 0.0
10.0 3.46410161514 0.0
1.0 5.19615242271 0.0
2.0 5.19615242271 0.0
3.0 5.19615242271 0.0
4.0 5.19615242271 0.0
5.0 5.19615242271 0.0
6.0 5.19615242271 0.0
7.0 5.19615242271 0.0
8.0 5.19615242271 0.0
9.0 5.19615242271 0.0
10.0 5.19615242271 0.0
1.0 6.92820323028 0.0
2.0 6.92820323028 0.0
3.0 6.92820323028 0.0
4.0 6.92820323028 0.0
5.0 6.92820323028 0.0
6.0 6.92820323028 0.0
7.0 6.92820323028 0.0
8.0 6.92820323028 0.0
9.0 6.92820323028 0.0
10.0 6.92820323028 0.0
1.0 8.66025403784 0.0
2.0 8.66025403784 0.0
3.0 8.66025403784 0.0
4.0 8.66025403784 0.0
5.0 8.66025403784 0.0
6.0 8.66025403784 0.0
7.0 8.66025403784 0.0
8.0 8.66025403784 0.0
9.0 8.66025403784 0.0
10.0 8.66025403784 0.0
1.0 10.3923048454 0.0
2.0 10.3923048454 0.0
3.0 10.3923048454 0.0
4.0 10.3923048454 0.0
5.0 10.3923048454 0.0
6.0 10.3923048454 0.0
7.0 10.3923048454 0.0
8.0 10.3923048454 0.0
9.0 10.3923048454 0.0
10.0 10.3923048454 0.0
1.0 12.124355653 0.0
2.0 12.124355653 0.0
3.0 12.124355653 0.0
4.0 12.124355653 0.0
5.0 12.124355653 0.0
6.0 12.124355653 0.0
7.0 12.124355653 0.0
8.0 12.124355653 0.0
9.0 12.124355653 0.0
10.0 12.124355653 0.0
1.0 13.8564064606 0.0
2.0 13.8564064606 0.0
3.0 13.8564064606 0.0
4.0 13.8564064606 0.0
5.0 13.8564064606 0.0
6.0 13.8564064606 0.0
7.0 13.8564064606 0.0
8.0 13.8564064606 0.0
9.0 13.8564064606 0.0
10.0 13.8564064606 0.0
1.0 15.5884572681 0.0
2.0 15.5884572681 0.0
3.0 15.5884572681 0.0
4.0 15.5884572681 0.0
5.0 15.5884572681 0.0
6.0 15.5884572681 0.0
7.0 15.5884572681 0.0
8.0 15.5884572681 0.0
9.0 15.5884572681 0.0
10.0 15.5884572681 0.0
1.0 17.3205080757 0.0
2.0 17.3205080757 0.0
3.0 17.3205080757 0.0
4.0 17.3205080757 0.0
5.0 17.3205080757 0.0
6.0 17.3205080757 0.0
7.0 17.3205080757 0.0
8.0 17.3205080757 0.0
9.0 17.3205080757 0.0
10.0 17.3205080757 0.0
1.5 2.59807621135 0.0
2.5 2.59807621135 0.0
3.5 2.59807621135 0.0
4.5 2.59807621135 0.0
5.5 2.59807621135 0.0
6.5 2.59807621135 0.0
7.5 2.59807621135 0.0
8.5 2.59807621135 0.0
9.5 2.59807621135 0.0
10.5 2.59807621135 0.0
1.5 4.33012701892 0.0
2.5 4.33012701892 0.0
3.5 4.33012701892 0.0
4.5 4.33012701892 0.0
5.5 4.33012701892 0.0
6.5 4.33012701892 0.0
7.5 4.33012701892 0.0
8.5 4.33012701892 0.0
9.5 4.33012701892 0.0
10.5 4.33012701892 0.0
1.5 6.06217782649 0.0
2.5 6.06217782649 0.0
3.5 6.06217782649 0.0
4.5 6.06217782649 0.0
5.5 6.06217782649 0.0
6.5 6.06217782649 0.0
7.5 6.06217782649 0.0
8.5 6.06217782649 0.0
9.5 6.06217782649 0.0
10.5 6.06217782649 0.0
1.5 7.79422863406 0.0
2.5 7.79422863406 0.0
3.5 7.79422863406 0.0
4.5 7.79422863406 0.0
5.5 7.79422863406 0.0
6.5 7.79422863406 0.0
7.5 7.79422863406 0.0
8.5 7.79422863406 0.0
9.5 7.79422863406 0.0
10.5 7.79422863406 0.0
1.5 9.52627944163 0.0
2.5 9.52627944163 0.0
3.5 9.52627944163 0.0
4.5 9.52627944163 0.0
5.5 9.52627944163 0.0
6.5 9.52627944163 0.0
7.5 9.52627944163 0.0
8.5 9.52627944163 0.0
9.5 9.52627944163 0.0
10.5 9.52627944163 0.0
1.5 11.2583302492 0.0
2.5 11.2583302492 0.0
3.5 11.2583302492 0.0
4.5 11.2583302492 0.0
5.5 11.2583302492 0.0
6.5 11.2583302492 0.0
7.5 11.2583302492 0.0
8.5 11.2583302492 0.0
9.5 11.2583302492 0.0
10.5 11.2583302492 0.0
1.5 12.9903810568 0.0
2.5 12.9903810568 0.0
3.5 12.9903810568 0.0
4.5 12.9903810568 0.0
5.5 12.9903810568 0.0
6.5 12.9903810568 0.0
7.5 12.9903810568 0.0
8.5 12.9903810568 0.0
9.5 12.9903810568 0.0
10.5 12.9903810568 0.0
1.5 14.7224318643 0.0
2.5 14.7224318643 0.0
3.5 14.7224318643 0.0
4.5 14.7224318643 0.0
5.5 14.7224318643 0.0
6.5 14.7224318643 0.0
7.5 14.7224318643 0.0
8.5 14.7224318643 0.0
9.5 14.7224318643 0.0
10.5 14.7224318643 0.0
1.5 16.4544826719 0.0
2.5 16.4544826719 0.0
3.5 16.4544826719 0.0
4.5 16.4544826719 0.0
5.5 16.4544826719 0.0
6.5 16.4544826719 0.0
7.5 16.4544826719 0.0
8.5 16.4544826719 0.0
9.5 16.4544826719 0.0
10.5 16.4544826719 0.0
1.5 18.1865334795 0.0
2.5 18.1865334795 0.0
3.5 18.1865334795 0.0
4.5 18.1865334795 0.0
5.5 18.1865334795 0.0
6.5 18.1865334795 0.0
7.5 18.1865334795 0.0
8.5 18.1865334795 0.0
9.5 18.1865334795 0.0
10.5 18.1865334795 0.0
1.31749139742 1.04271922092 0.0
-1.75215748941 0.926614728127 0.0
-3.2090650088 -1.04557211488 0.0
-1.68819523736 -1.66115474738 0.0
0.141411022261 0.616803266849 0.0
-1.03913775318 0.26326321806 0.0
-1.56719319367 -0.110113864574 0.0
4.27048681649 3.2377475133 0.0
-2.87848847299 0.0274400986725 0.0
-0.585679234073 0.813511621378 0.0
-2.82302536855 -2.52580395815 0.0
3.08930404781 1.87968958386 0.0
-3.8169894598 0.91709399014 0.0
0.109700834545 -1.50346709902 0.0
-0.361591685906 -0.510282724527 0.0
3.90153844164 1.36453679527 0.0
-2.72785571297 -3.21045511933 0.0
1.40369177411 -2.0021102743 0.0
4.48739903096 -0.629942703879 0.0
-2.40602192854 -0.268032045141 0.0
-2.59979070318 1.96224091725 0.0
3.65725468086 2.47285662457 0.0
0.643824055244 2.62232051453 0.0
2.30855159586 -0.415193862657 0.0
-0.739083776745 1.47350866672 0.0
-0.641287533946 -2.03814963007 0.0
1.10674825104 -1.803275464 0.0
-0.280974282899 -2.56710015768 0.0
0.451700065062 -2.59045201952 0.0
2.38165829176 -0.201347679472 0.0
-0.743135221817 1.21789728657 0.0
-0.377464637732 2.12470328599 0.0
1.17593342816 -1.86025069164 0.0
-0.664527111867 1.76038782359 0.0
-0.342153295211 0.20557307305 0.0
-3.67845417311 0.240465663248 0.0
2.84954837635 1.12275009442 0.0
0.617797910472 -1.37844043197 0.0
2.84096237443 0.778290269377 0.0
-2.19968757339 -0.974031855375 0.0
-0.703513377954 1.17675078797 0.0
-0.372522407428 -0.949608763879 0.0
0.358672091179 -0.801161225174 0.0
1.8178476059 0.54650580893 0.0
3.68252166563 -0.472407525004 0.0
-1.95850865448 1.31193540552 0.0
-0.344704848893 -0.408729381868 0.0
-1.69185320584 -0.172850395195 0.0
-1.91997036806 -3.24580187734 0.0
-3.27353651786 -2.30461733214 0.0
0.61417942673 3.30398774254 0.0
-4.08037548867 -5.73063501409 0.0
2.47396988858 2.53256178321 0.0
0.23115427229 -0.0562419148845 0.0
0.326538830257 -2.18682706697 0.0
-0.261850200037 -3.57211203618 0.0
1.70267777189 -2.0217035169 0.0
1.97921106168 -2.36948617154 0.0
-1.69929889853 1.58051822374 0.0
1.56217571361 0.426931497065 0.0
1.48745608641 0.401906609968 0.0
2.65286524085 0.781526325081 0.0
-2.12360417194 -0.255916076219 0.0
-0.617770245877 2.89452643646 0.0
2.51472307241 0.794178504679 0.0
-2.25911860218 0.706012045126 0.0
4.20951690274 -1.00720917001 0.0
0.424282587683 -2.74978878822 0.0
-1.55033950241 1.40955613089 0.0
-5.93862019145 -1.9325606507 0.0
-3.15568221283 1.31533316647 0.0
0.943595078565 -1.54162196664 0.0
-0.0428592426863 0.188616146796 0.0
3.61886284683 -0.780567694372 0.0
-0.905161781314 -2.42937475949 0.0
0.0570727838833 2.57959092018 0.0
-2.32037323442 2.38774142039 0.0
-0.362106819064 0.334200904876 0.0
2.15378179855 -0.0529053448092 0.0
-0.678618543363 0.254942052677 0.0
0.204362886527 3.8349480222 0.0
4.14346652268 -2.56440982734 0.0
0.314859270303 -1.15762475985 0.0
0.171548363884 -2.77055082323 0.0
0.748706056017 -3.30543061004 0.0
-2.29364359646 -1.34031851096 0.0
-2.57905406696 -3.48512266081 0.0
-0.455638926247 2.03996256598 0.0
3.01054842698 0.991095641412 0.0
-0.674365458113 -0.338409236569 0.0
-2.5820269498 2.58953082307 0.0
-1.07515170985 0.731300534171 0.0
-0.807880727404 0.0818137281603 0.0
1.24109083005 -1.3889626417 0.0
0.174748900716 -1.98687204057 0.0
-0.962780748946 -3.39009552633 0.0
0.53483514725 4.23448849388 0.0
-0.311069493282 3.43086633487 0.0
-1.7057974177 -0.684027997394 0.0
-1.53079050392 2.08648014955 0.0
-1.60662674835 -2.33433800071 0.0
5.48730953652 1.67506218336 0.0
-1.4088643809 -0.350143801485 0.0
0.196460202004 2.46000986278 0.0
0.512191801949 3.33900038803 0.0
-3.82891117068 5.45767645044 0.0
-2.90847061535 1.07625403897 0.0
-0.784385282805 4.70144193076 0.0
-1.35678526387 -0.253679495162 0.0
-0.223251054335 3.85194712683 0.0
-0.375215247641 0.470547564603 0.0
-2.04547952424 -0.325925323162 0.0
0.239857098666 1.36763721569 0.0
-0.000154964981745 -1.56316602486 0.0
2.65129863675 0.16239030172 0.0
-1.05197006942 -0.824383112314 0.0
-2.21995743746 1.27233460066 0.0
-1.87773736084 -3.44630377259 0.0
2.04392032795 4.78796000635 0.0
0.830047102293 -0.969543814388 0.0
-0.854641548703 -2.15964395309 0.0
-2.89132904809 -3.4981829103 0.0
1.50891311315 0.884444372588 0.0
0.266536709809 -2.92810612315 0.0
-4.1900084114 1.67185719548 0.0
1.38761786668 -4.79225321943 0.0
-0.686603672998 -0.903447793828 0.0
1.78163225582 -1.65133580943 0.0
0.541253324589 3.64456606957 0.0
0.275193566848 1.95088392458 0.0
-0.194475246012 1.41761009425 0.0
2.55657629267 -2.3640585066 0.0
-0.818889307968 1.13229004495 0.0
-1.60973142148 -0.913325396575 0.0
1.70703813034 0.749748216565 0.0
-1.04848084985 -3.73708656975 0.0
-0.705149800505 0.337912857014 0.0
0.27579961556 -0.0190161032045 0.0
2.02726588148 -2.69561610779 0.0
-0.690330889548 -1.95367394878 0.0
4.55039078654 0.699032915478 0.0
0.349906971475 -0.648831544549 0.0
-1.03309296632 -6.74717708471 0.0
-0.96396370544 3.4461324739 0.0
-4.6543024215 1.33124668178 0.0
-0.146926435093 0.239593470072 0.0
1.81818662005 -0.568253156179 0.0
0.415150691309 -1.29573506649 0.0
0.531509592276 4.02462262029 0.0
0.222265016891 1.02749340519 0.0
-2.89369262675 -2.23426291751 0.0
1.49435184915 -0.285316053133 0.0
-1.00480351089 0.23050742855 0.0
-1.30670077206 -1.32558834471 0.0
-0.0906034829429 2.95422031701 0.0
-0.000385065054069 -1.31113395201 0.0
-0.930606366951 -1.97580025657 0.0
0.103700456514 -1.39901899537 0.0
-0.31804599074 -1.56959675043 0.0
-2.3943935937 2.30968100012 0.0
-2.01785139366 -0.973988340841 0.0
-1.38078467041 0.0660410527304 0.0
0.705543835616 3.65868764132 0.0
-0.167114875719 -0.386860457095 0.0
-1.34839933283 -0.631291023534 0.0
1.91062459488 1.62163902339 0.0
-5.21029474121 -1.69155301127 0.0
3.72382861712 0.117894559321 0.0
0.751706247741 -0.1152253408 0.0
2.48904576631 1.02326279908 0.0
0.415732125458 -3.8993031702 0.0
-2.89901407663 -0.542606132892 0.0
-0.729411746717 -1.59671222521 0.0
-3.32221624103 0.315594436299 0.0
-0.979024765421 1.33847912775 0.0
-0.16549754563 2.56355207937 0.0
2.0635102479 1.08027342314 0.0
-1.42189270558 0.3499237279 0.0
2.21537823777 -0.153623368388 0.0
-1.75598859644 3.88101570829 0.0
-0.546910176958 -1.02432992201 0.0
-2.17683960416 1.21417499009 0.0
2.46362180505 1.10290484819 0.0
0.394291507303 -5.70066721768 0.0
-1.35999933358 -0.609683853338 0.0
-1.928827299 -1.3773454805 0.0
2.45395968864 1.12321727512 0.0
-0.426324930092 3.05348551947 0.0
3.60342528335 3.36996038229 0.0
3.4572790134 -2.22778127969 0.0
0.395976300835 0.866201281778 0.0
-1.61413878909 -0.376644360025 0.0
-0.749132760661 -0.250892086101 0.0
0.752348606108 -1.66351086044 0.0
0.975432873956 -3.32593682603 0.0
-2.51153215196 2.46695068725 0.0
-1.52766758554 1.34389468972 0.0
-0.35211580436 -0.580403861662 0.0
0.447425858494 -1.43422068941 0.0
2.89621887318 -3.44747094135 0.0
