equilater_T=2.10526315789
200
1 1 1 1 1 1 1 1 1 1 1 1 1 1 1 1 1 1 1 1 1 1 1 1 1 1 1 1 1 1 1 1 1 1 1 1 1 1 1 1 1 1 1 1 1 1 1 1 1 1 1 1 1 1 1 1 1 1 1 1 1 1 1 1 1 1 1 1 1 1 1 1 1 1 1 1 1 1 1 1 1 1 1 1 1 1 1 1 1 1 1 1 1 1 1 1 1 1 1 1 1 1 1 1 1 1 1 1 1 1 1 1 1 1 1 1 1 1 1 1 1 1 1 1 1 1 1 1 1 1 1 1 1 1 1 1 1 1 1 1 1 1 1 1 1 1 1 1 1 1 1 1 1 1 1 1 1 1 1 1 1 1 1 1 1 1 1 1 1 1 1 1 1 1 1 1 1 1 1 1 1 1 1 1 1 1 1 1 1 1 1 1 1 1 1 1 1 1 1 1
1.0 1.73205080757 0.0
2.0 1.73205080757 0.0
3.0 1.73205080757 0.0
4.0 1.73205080757 0.0
5.0 1.73205080757 0.0
6.0 1.73205080757 0.0
7.0 1.73205080757 0.0
8.0 1.73205080757 0.0
9.0 1.73205080757 0.0
10.0 1.73205080757 0.0
1.0 3.46410161514 0.0
2.0 3.46410161514 0.0
3.0 3.46410161514 0.0
4.0 3.46410161514 0.0
5.0 3.46410161514 0.0
6.0 3.46410161514 0.0
7.0 3.46410161514 0.0
8.0 3.46410161514 0.0
9.0 3.46410161514 0.0
10.0 3.46410161514 0.0
1.0 5.19615242271 0.0
2.0 5.19615242271 0.0
3.0 5.19615242271 0.0
4.0 5.19615242271 0.0
5.0 5.19615242271 0.0
6.0 5.19615242271 0.0
7.0 5.19615242271 0.0
8.0 5.19615242271 0.0
9.0 5.19615242271 0.0
10.0 5.19615242271 0.0
1.0 6.92820323028 0.0
2.0 6.92820323028 0.0
3.0 6.92820323028 0.0
4.0 6.92820323028 0.0
5.0 6.92820323028 0.0
6.0 6.92820323028 0.0
7.0 6.92820323028 0.0
8.0 6.92820323028 0.0
9.0 6.92820323028 0.0
10.0 6.92820323028 0.0
1.0 8.66025403784 0.0
2.0 8.66025403784 0.0
3.0 8.66025403784 0.0
4.0 8.66025403784 0.0
5.0 8.66025403784 0.0
6.0 8.66025403784 0.0
7.0 8.66025403784 0.0
8.0 8.66025403784 0.0
9.0 8.66025403784 0.0
10.0 8.66025403784 0.0
1.0 10.3923048454 0.0
2.0 10.3923048454 0.0
3.0 10.3923048454 0.0
4.0 10.3923048454 0.0
5.0 10.3923048454 0.0
6.0 10.3923048454 0.0
7.0 10.3923048454 0.0
8.0 10.3923048454 0.0
9.0 10.3923048454 0.0
10.0 10.3923048454 0.0
1.0 12.124355653 0.0
2.0 12.124355653 0.0
3.0 12.124355653 0.0
4.0 12.124355653 0.0
5.0 12.124355653 0.0
6.0 12.124355653 0.0
7.0 12.124355653 0.0
8.0 12.124355653 0.0
9.0 12.124355653 0.0
10.0 12.124355653 0.0
1.0 13.8564064606 0.0
2.0 13.8564064606 0.0
3.0 13.8564064606 0.0
4.0 13.8564064606 0.0
5.0 13.8564064606 0.0
6.0 13.8564064606 0.0
7.0 13.8564064606 0.0
8.0 13.8564064606 0.0
9.0 13.8564064606 0.0
10.0 13.8564064606 0.0
1.0 15.5884572681 0.0
2.0 15.5884572681 0.0
3.0 15.5884572681 0.0
4.0 15.5884572681 0.0
5.0 15.5884572681 0.0
6.0 15.5884572681 0.0
7.0 15.5884572681 0.0
8.0 15.5884572681 0.0
9.0 15.5884572681 0.0
10.0 15.5884572681 0.0
1.0 17.3205080757 0.0
2.0 17.3205080757 0.0
3.0 17.3205080757 0.0
4.0 17.3205080757 0.0
5.0 17.3205080757 0.0
6.0 17.3205080757 0.0
7.0 17.3205080757 0.0
8.0 17.3205080757 0.0
9.0 17.3205080757 0.0
10.0 17.3205080757 0.0
1.5 2.59807621135 0.0
2.5 2.59807621135 0.0
3.5 2.59807621135 0.0
4.5 2.59807621135 0.0
5.5 2.59807621135 0.0
6.5 2.59807621135 0.0
7.5 2.59807621135 0.0
8.5 2.59807621135 0.0
9.5 2.59807621135 0.0
10.5 2.59807621135 0.0
1.5 4.33012701892 0.0
2.5 4.33012701892 0.0
3.5 4.33012701892 0.0
4.5 4.33012701892 0.0
5.5 4.33012701892 0.0
6.5 4.33012701892 0.0
7.5 4.33012701892 0.0
8.5 4.33012701892 0.0
9.5 4.33012701892 0.0
10.5 4.33012701892 0.0
1.5 6.06217782649 0.0
2.5 6.06217782649 0.0
3.5 6.06217782649 0.0
4.5 6.06217782649 0.0
5.5 6.06217782649 0.0
6.5 6.06217782649 0.0
7.5 6.06217782649 0.0
8.5 6.06217782649 0.0
9.5 6.06217782649 0.0
10.5 6.06217782649 0.0
1.5 7.79422863406 0.0
2.5 7.79422863406 0.0
3.5 7.79422863406 0.0
4.5 7.79422863406 0.0
5.5 7.79422863406 0.0
6.5 7.79422863406 0.0
7.5 7.79422863406 0.0
8.5 7.79422863406 0.0
9.5 7.79422863406 0.0
10.5 7.79422863406 0.0
1.5 9.52627944163 0.0
2.5 9.52627944163 0.0
3.5 9.52627944163 0.0
4.5 9.52627944163 0.0
5.5 9.52627944163 0.0
6.5 9.52627944163 0.0
7.5 9.52627944163 0.0
8.5 9.52627944163 0.0
9.5 9.52627944163 0.0
10.5 9.52627944163 0.0
1.5 11.2583302492 0.0
2.5 11.2583302492 0.0
3.5 11.2583302492 0.0
4.5 11.2583302492 0.0
5.5 11.2583302492 0.0
6.5 11.2583302492 0.0
7.5 11.2583302492 0.0
8.5 11.2583302492 0.0
9.5 11.2583302492 0.0
10.5 11.2583302492 0.0
1.5 12.9903810568 0.0
2.5 12.9903810568 0.0
3.5 12.9903810568 0.0
4.5 12.9903810568 0.0
5.5 12.9903810568 0.0
6.5 12.9903810568 0.0
7.5 12.9903810568 0.0
8.5 12.9903810568 0.0
9.5 12.9903810568 0.0
10.5 12.9903810568 0.0
1.5 14.7224318643 0.0
2.5 14.7224318643 0.0
3.5 14.7224318643 0.0
4.5 14.7224318643 0.0
5.5 14.7224318643 0.0
6.5 14.7224318643 0.0
7.5 14.7224318643 0.0
8.5 14.7224318643 0.0
9.5 14.7224318643 0.0
10.5 14.7224318643 0.0
1.5 16.4544826719 0.0
2.5 16.4544826719 0.0
3.5 16.4544826719 0.0
4.5 16.4544826719 0.0
5.5 16.4544826719 0.0
6.5 16.4544826719 0.0
7.5 16.4544826719 0.0
8.5 16.4544826719 0.0
9.5 16.4544826719 0.0
10.5 16.4544826719 0.0
1.5 18.1865334795 0.0
2.5 18.1865334795 0.0
3.5 18.1865334795 0.0
4.5 18.1865334795 0.0
5.5 18.1865334795 0.0
6.5 18.1865334795 0.0
7.5 18.1865334795 0.0
8.5 18.1865334795 0.0
9.5 18.1865334795 0.0
10.5 18.1865334795 0.0
0.860500203783 2.38092307166 0.0
1.66160018155 1.99235899024 0.0
-0.383825372083 -1.33194032575 0.0
-1.20346032888 -1.22821529882 0.0
-0.270579193149 -0.635954188612 0.0
3.45781618932 0.838992188988 0.0
1.40043582733 -2.49356411335 0.0
-2.11047517845 0.435497806593 0.0
-3.0975748517 -0.131150623878 0.0
2.65701243828 0.707597125115 0.0
-0.15355607153 0.186309636859 0.0
-1.25954870253 -0.257831679294 0.0
-1.96381345195 2.09786216458 0.0
-2.29189881542 0.430381134714 0.0
-1.87636151944 -1.44649391157 0.0
-1.37820286765 -0.334561558382 0.0
-4.0975702444 1.53054700651 0.0
2.56239322988 0.326370483191 0.0
0.9070890594 0.669359042448 0.0
-1.5714615685 1.20999349291 0.0
2.27701731382 -2.43576657096 0.0
-0.0259629047243 0.145457042523 0.0
-0.465873931954 1.20569919704 0.0
2.24608332528 1.70372684998 0.0
-0.66386501557 0.572845381561 0.0
-0.812815695765 0.897280037147 0.0
-0.074949718296 -1.41390445728 0.0
-0.821273676311 -1.74671955836 0.0
2.07695999278 -0.820128252343 0.0
-0.424463229493 1.86551592165 0.0
0.34580312835 -0.190263662438 0.0
-2.07505698708 1.29612001514 0.0
0.202196772231 -4.1891684049 0.0
0.08692993757 -0.497375377766 0.0
2.56211781874 1.34014170403 0.0
0.904189860367 0.336522627017 0.0
1.04853403143 0.0698386410772 0.0
2.09993617445 0.159449235472 0.0
0.0184634083873 0.553077134744 0.0
-0.34371753294 1.41733455229 0.0
1.56012219879 -0.332333755889 0.0
-0.066707110312 1.02054088715 0.0
0.136439204053 -1.54098440153 0.0
-3.40273776987 2.85947650912 0.0
-2.49529656971 2.54369237375 0.0
-2.79986808 -2.86205951387 0.0
-0.472663725996 0.803026427727 0.0
-1.87815055727 -2.09319061389 0.0
-1.6499637153 1.30576550596 0.0
-0.834168813497 0.876091634011 0.0
0.179843877437 -1.92230285493 0.0
-4.90260620699 0.423949080426 0.0
1.33058903853 1.69613054401 0.0
0.226040130527 -1.47658874289 0.0
1.4594475395 -0.768429143248 0.0
-0.947499002731 -0.901551864298 0.0
-2.69273374173 1.90599948637 0.0
-1.85028495252 1.25664756339 0.0
1.87435485227 0.351753850625 0.0
-2.26131797144 0.070465698166 0.0
0.832507116962 0.723225022066 0.0
3.28598894742 0.862891415575 0.0
1.97923077746 -0.020966954646 0.0
2.51748804383 1.20592868184 0.0
3.06637781501 2.94111793329 0.0
-0.415681521135 -0.0591130920721 0.0
0.667911258192 1.0807623551 0.0
0.254596095961 1.59703808601 0.0
0.466665121637 -0.451212548912 0.0
-0.213413909165 0.817115096265 0.0
-0.597059457733 0.753542447303 0.0
0.498635426028 0.388397490588 0.0
0.442634017305 -2.23569066467 0.0
-0.647335410233 1.13323150527 0.0
-0.0655018681601 0.37768456861 0.0
4.77773725178 1.43171258644 0.0
-1.54694917864 1.06123020797 0.0
-1.49326621069 0.998666496427 0.0
-0.442273715037 -2.08330206514 0.0
1.09906053678 1.06247308868 0.0
-0.617799466854 -3.14784509351 0.0
1.32760435518 0.745993025396 0.0
1.1763005739 0.341291723787 0.0
2.19823238626 4.66232577183 0.0
-0.620971914045 1.17525006744 0.0
1.2368417409 0.274288721752 0.0
-3.27688192578 -1.48113892668 0.0
0.265514513265 -1.12689351218 0.0
3.86192798034 1.05107322948 0.0
-1.13411520118 1.33454547633 0.0
1.23347464516 1.65037170446 0.0
1.17720784692 -1.21051702756 0.0
-0.0988946714812 -1.32489395912 0.0
0.537247501368 -1.71949772329 0.0
2.03187190579 2.28747490982 0.0
1.54367328304 -0.127224492791 0.0
3.21564451582 -1.87353264834 0.0
-2.3790659376 1.88014580155 0.0
-1.34782355061 -1.01091874667 0.0
-1.21211523937 -1.73336805712 0.0
-0.895414101476 1.13908530673 0.0
-1.08809288286 -1.32782273248 0.0
0.0803745829725 2.1675716277 0.0
-0.445289448469 1.50873950586 0.0
-0.804360078345 1.72827165852 0.0
-0.202492898749 0.882895041012 0.0
-1.91169001709 -0.231346607023 0.0
1.50293642678 1.04277061906 0.0
-2.63776216968 -2.22301558745 0.0
0.888146496099 0.712846601316 0.0
1.99051912618 0.967933468032 0.0
1.62730841621 -1.53161976761 0.0
1.99947642877 -1.6023026369 0.0
0.382722812741 -3.70436430175 0.0
-0.353281431865 -0.882375373679 0.0
-1.58869882291 0.559939715063 0.0
0.496526995347 -1.65049743487 0.0
-0.770614023262 0.139811274277 0.0
-0.683642746946 0.999394816671 0.0
0.292227054685 -0.128812265065 0.0
-1.96303824468 -2.26692764431 0.0
0.0166683029041 0.143751283775 0.0
-0.531731377351 -2.31718181661 0.0
2.23493370881 2.14320633176 0.0
1.17516214979 0.622563149968 0.0
1.27461337181 0.162286450652 0.0
-1.62293533176 -2.09973354572 0.0
-1.78056679388 0.612987585625 0.0
-1.47092666922 -1.2247383075 0.0
-0.151212122349 -0.930440199043 0.0
-1.22806316749 -0.931603621928 0.0
1.09872293165 0.265905579032 0.0
-0.574129458694 -2.68576545537 0.0
-1.69139494308 -1.22380768018 0.0
0.382301250942 -1.6770386435 0.0
0.541865807774 -0.973448613147 0.0
-0.0568445655832 -1.96403911336 0.0
-1.09231317217 -0.24457954987 0.0
-0.437022586903 1.21311130518 0.0
-1.03835788767 -1.28424338492 0.0
-2.28975448011 -0.85020509325 0.0
1.00246991833 1.97486295856 0.0
0.0386040049347 1.58180807157 0.0
-0.228414963463 0.788773628693 0.0
-2.5974545729 0.325351189807 0.0
1.11750542148 2.49290514219 0.0
0.465720124707 2.60721601312 0.0
0.0222959697145 1.48233868083 0.0
-1.0395233343 0.887785606523 0.0
-1.38794351491 -0.648061112134 0.0
-0.487096664809 0.370864190631 0.0
0.459364598459 -1.64206165715 0.0
-0.479280773363 -0.923461994838 0.0
-1.68857159078 -0.0693359844929 0.0
0.329620498971 0.285553339884 0.0
-0.287567567947 2.12017232274 0.0
3.52478789707 1.23129328191 0.0
1.14682341907 -0.214674419965 0.0
0.403498469326 -0.585371406377 0.0
-1.38138362169 0.54168374487 0.0
-2.14050339135 -0.315571697169 0.0
0.181516282804 0.55474128421 0.0
-0.141169350413 -0.109658124794 0.0
-0.146345328735 0.913361953486 0.0
-1.70439466935 1.09353752461 0.0
2.17246266696 1.78528362716 0.0
-0.998806406344 1.23017875106 0.0
-1.68613257925 1.7230376935 0.0
0.12381955145 -0.712783799764 0.0
0.261442185168 2.55399564357 0.0
1.03915749092 -1.04853518862 0.0
-0.374487489446 1.5263724647 0.0
-0.304487250688 -2.16287106609 0.0
-1.566857846 1.41494941169 0.0
-3.26548604979 0.449793556993 0.0
0.300869274426 -0.361096058689 0.0
-3.26909372342 1.37627758298 0.0
-0.965383316793 0.356804424549 0.0
0.114209649048 -0.68581988296 0.0
-2.29160701387 -1.15866702145 0.0
1.42279933334 -1.51218615543 0.0
-1.35993828999 -2.80277710237 0.0
0.286040379948 -1.86058916883 0.0
0.568269843956 1.97026786966 0.0
1.599491119 3.61876945394 0.0
1.64249964202 -0.10273277004 0.0
0.404946767145 -2.06113580315 0.0
0.270228829275 0.788314997318 0.0
0.358630437776 -1.96214448552 0.0
-2.42880636973 3.04013072813 0.0
1.84086136099 -1.01166639821 0.0
-0.522396869306 0.0664530925835 0.0
1.85189782034 -0.0141038467247 0.0
2.76977813673 0.574049506434 0.0
-0.335828286449 -0.266277941191 0.0
1.00216898761 -1.06034440244 0.0
1.97395099965 0.00820788734313 0.0
-0.950880956554 -1.91378713749 0.0
2.19889805042 -1.26862471236 0.0
0.836410623042 1.98050731947 0.0
