equilater_T=6.31578947368
200
1 1 1 1 1 1 1 1 1 1 1 1 1 1 1 1 1 1 1 1 1 1 1 1 1 1 1 1 1 1 1 1 1 1 1 1 1 1 1 1 1 1 1 1 1 1 1 1 1 1 1 1 1 1 1 1 1 1 1 1 1 1 1 1 1 1 1 1 1 1 1 1 1 1 1 1 1 1 1 1 1 1 1 1 1 1 1 1 1 1 1 1 1 1 1 1 1 1 1 1 1 1 1 1 1 1 1 1 1 1 1 1 1 1 1 1 1 1 1 1 1 1 1 1 1 1 1 1 1 1 1 1 1 1 1 1 1 1 1 1 1 1 1 1 1 1 1 1 1 1 1 1 1 1 1 1 1 1 1 1 1 1 1 1 1 1 1 1 1 1 1 1 1 1 1 1 1 1 1 1 1 1 1 1 1 1 1 1 1 1 1 1 1 1 1 1 1 1 1 1
1.0 1.73205080757 0.0
2.0 1.73205080757 0.0
3.0 1.73205080757 0.0
4.0 1.73205080757 0.0
5.0 1.73205080757 0.0
6.0 1.73205080757 0.0
7.0 1.73205080757 0.0
8.0 1.73205080757 0.0
9.0 1.73205080757 0.0
10.0 1.73205080757 0.0
1.0 3.46410161514 0.0
2.0 3.46410161514 0.0
3.0 3.46410161514 0.0
4.0 3.46410161514 0.0
5.0 3.46410161514 0.0
6.0 3.46410161514 0.0
7.0 3.46410161514 0.0
8.0 3.46410161514 0.0
9.0 3.46410161514 0.0
10.0 3.46410161514 0.0
1.0 5.19615242271 0.0
2.0 5.19615242271 0.0
3.0 5.19615242271 0.0
4.0 5.19615242271 0.0
5.0 5.19615242271 0.0
6.0 5.19615242271 0.0
7.0 5.19615242271 0.0
8.0 5.19615242271 0.0
9.0 5.19615242271 0.0
10.0 5.19615242271 0.0
1.0 6.92820323028 0.0
2.0 6.92820323028 0.0
3.0 6.92820323028 0.0
4.0 6.92820323028 0.0
5.0 6.92820323028 0.0
6.0 6.92820323028 0.0
7.0 6.92820323028 0.0
8.0 6.92820323028 0.0
9.0 6.92820323028 0.0
10.0 6.92820323028 0.0
1.0 8.66025403784 0.0
2.0 8.66025403784 0.0
3.0 8.66025403784 0.0
4.0 8.66025403784 0.0
5.0 8.66025403784 0.0
6.0 8.66025403784 0.0
7.0 8.66025403784 0.0
8.0 8.66025403784 0.0
9.0 8.66025403784 0.0
10.0 8.66025403784 0.0
1.0 10.3923048454 0.0
2.0 10.3923048454 0.0
3.0 10.3923048454 0.0
4.0 10.3923048454 0.0
5.0 10.3923048454 0.0
6.0 10.3923048454 0.0
7.0 10.3923048454 0.0
8.0 10.3923048454 0.0
9.0 10.3923048454 0.0
10.0 10.3923048454 0.0
1.0 12.124355653 0.0
2.0 12.124355653 0.0
3.0 12.124355653 0.0
4.0 12.124355653 0.0
5.0 12.124355653 0.0
6.0 12.124355653 0.0
7.0 12.124355653 0.0
8.0 12.124355653 0.0
9.0 12.124355653 0.0
10.0 12.124355653 0.0
1.0 13.8564064606 0.0
2.0 13.8564064606 0.0
3.0 13.8564064606 0.0
4.0 13.8564064606 0.0
5.0 13.8564064606 0.0
6.0 13.8564064606 0.0
7.0 13.8564064606 0.0
8.0 13.8564064606 0.0
9.0 13.8564064606 0.0
10.0 13.8564064606 0.0
1.0 15.5884572681 0.0
2.0 15.5884572681 0.0
3.0 15.5884572681 0.0
4.0 15.5884572681 0.0
5.0 15.5884572681 0.0
6.0 15.5884572681 0.0
7.0 15.5884572681 0.0
8.0 15.5884572681 0.0
9.0 15.5884572681 0.0
10.0 15.5884572681 0.0
1.0 17.3205080757 0.0
2.0 17.3205080757 0.0
3.0 17.3205080757 0.0
4.0 17.3205080757 0.0
5.0 17.3205080757 0.0
6.0 17.3205080757 0.0
7.0 17.3205080757 0.0
8.0 17.3205080757 0.0
9.0 17.3205080757 0.0
10.0 17.3205080757 0.0
1.5 2.59807621135 0.0
2.5 2.59807621135 0.0
3.5 2.59807621135 0.0
4.5 2.59807621135 0.0
5.5 2.59807621135 0.0
6.5 2.59807621135 0.0
7.5 2.59807621135 0.0
8.5 2.59807621135 0.0
9.5 2.59807621135 0.0
10.5 2.59807621135 0.0
1.5 4.33012701892 0.0
2.5 4.33012701892 0.0
3.5 4.33012701892 0.0
4.5 4.33012701892 0.0
5.5 4.33012701892 0.0
6.5 4.33012701892 0.0
7.5 4.33012701892 0.0
8.5 4.33012701892 0.0
9.5 4.33012701892 0.0
10.5 4.33012701892 0.0
1.5 6.06217782649 0.0
2.5 6.06217782649 0.0
3.5 6.06217782649 0.0
4.5 6.06217782649 0.0
5.5 6.06217782649 0.0
6.5 6.06217782649 0.0
7.5 6.06217782649 0.0
8.5 6.06217782649 0.0
9.5 6.06217782649 0.0
10.5 6.06217782649 0.0
1.5 7.79422863406 0.0
2.5 7.79422863406 0.0
3.5 7.79422863406 0.0
4.5 7.79422863406 0.0
5.5 7.79422863406 0.0
6.5 7.79422863406 0.0
7.5 7.79422863406 0.0
8.5 7.79422863406 0.0
9.5 7.79422863406 0.0
10.5 7.79422863406 0.0
1.5 9.52627944163 0.0
2.5 9.52627944163 0.0
3.5 9.52627944163 0.0
4.5 9.52627944163 0.0
5.5 9.52627944163 0.0
6.5 9.52627944163 0.0
7.5 9.52627944163 0.0
8.5 9.52627944163 0.0
9.5 9.52627944163 0.0
10.5 9.52627944163 0.0
1.5 11.2583302492 0.0
2.5 11.2583302492 0.0
3.5 11.2583302492 0.0
4.5 11.2583302492 0.0
5.5 11.2583302492 0.0
6.5 11.2583302492 0.0
7.5 11.2583302492 0.0
8.5 11.2583302492 0.0
9.5 11.2583302492 0.0
10.5 11.2583302492 0.0
1.5 12.9903810568 0.0
2.5 12.9903810568 0.0
3.5 12.9903810568 0.0
4.5 12.9903810568 0.0
5.5 12.9903810568 0.0
6.5 12.9903810568 0.0
7.5 12.9903810568 0.0
8.5 12.9903810568 0.0
9.5 12.9903810568 0.0
10.5 12.9903810568 0.0
1.5 14.7224318643 0.0
2.5 14.7224318643 0.0
3.5 14.7224318643 0.0
4.5 14.7224318643 0.0
5.5 14.7224318643 0.0
6.5 14.7224318643 0.0
7.5 14.7224318643 0.0
8.5 14.7224318643 0.0
9.5 14.7224318643 0.0
10.5 14.7224318643 0.0
1.5 16.4544826719 0.0
2.5 16.4544826719 0.0
3.5 16.4544826719 0.0
4.5 16.4544826719 0.0
5.5 16.4544826719 0.0
6.5 16.4544826719 0.0
7.5 16.4544826719 0.0
8.5 16.4544826719 0.0
9.5 16.4544826719 0.0
10.5 16.4544826719 0.0
1.5 18.1865334795 0.0
2.5 18.1865334795 0.0
3.5 18.1865334795 0.0
4.5 18.1865334795 0.0
5.5 18.1865334795 0.0
6.5 18.1865334795 0.0
7.5 18.1865334795 0.0
8.5 18.1865334795 0.0
9.5 18.1865334795 0.0
10.5 18.1865334795 0.0
2.62364058444 0.764455090526 0.0
-0.455596280206 0.900824577121 0.0
4.23934535614 -1.53301710528 0.0
-2.05723869759 2.07098248344 0.0
6.69507920023 1.49502280248 0.0
-4.50462976884 -3.00274693048 0.0
0.583794690848 3.21657605345 0.0
1.94326485357 -0.308738160908 0.0
-2.75504619397 1.50116176764 0.0
0.951478885021 -2.97716498683 0.0
0.565336832152 2.26248091038 0.0
0.461260652378 1.76903387983 0.0
5.5413330582 -2.72780111067 0.0
1.9812110333 3.86219057673 0.0
2.2116478283 1.23564072152 0.0
0.727239137674 -5.10558519486 0.0
-0.719591659986 -1.85956297916 0.0
-0.265449808806 1.42977395154 0.0
-0.218312827727 0.478154764502 0.0
3.24700573705 1.90535469709 0.0
0.286274566304 -1.74458911979 0.0
5.36756762042 -2.2380425897 0.0
2.48788566328 0.0901607476475 0.0
-0.43829191204 4.0104813145 0.0
1.59050629975 -2.46177146032 0.0
6.12383444448 1.96822543086 0.0
-0.244141386066 1.6816484643 0.0
-4.74133374343 1.24213002622 0.0
-0.769041898733 -1.79752494393 0.0
-1.0770321367 0.143131725438 0.0
-0.00152868284049 -1.81125083658 0.0
-3.05877498359 -1.64870383222 0.0
0.731179232309 -5.42081779794 0.0
-3.58775627469 1.35461572187 0.0
-3.46037590497 2.37752775753 0.0
0.396703427625 1.51877466478 0.0
-1.49914023708 -1.71315226263 0.0
-2.03332782504 -2.1538775649 0.0
-3.47439905956 2.22853643763 0.0
0.0713146993369 -5.67443823442 0.0
2.08035887097 3.37299847367 0.0
-2.90922238952 -2.67800892496 0.0
-0.614151475282 -0.930456469377 0.0
3.11061826344 3.53585167668 0.0
3.16334263869 -1.64143415553 0.0
0.276148167759 0.88955787605 0.0
-2.01462438255 -2.63611134562 0.0
-3.29487690605 3.76946329897 0.0
-1.70672387871 -0.514530582106 0.0
-1.66195372852 5.06058682928 0.0
-4.3521041567 2.02362239873 0.0
2.01966978464 6.51323102163 0.0
-1.90490328063 -3.04673869854 0.0
-3.50724962833 -0.964908735756 0.0
-0.590490379001 -7.31825399649 0.0
-3.61364142148 -0.201293216578 0.0
-0.0409692351434 -1.84300798625 0.0
-1.81068318344 1.89844825421 0.0
-1.71923993633 0.337160486 0.0
-1.00940524519 -4.25390768359 0.0
-1.87364627023 0.401595107366 0.0
-0.336832307003 0.21823541593 0.0
3.24041967957 0.911901164229 0.0
-5.12413361918 0.771072510308 0.0
-0.386632927301 1.61846236476 0.0
3.25558046187 2.45740631862 0.0
-0.272227926377 -0.181487163453 0.0
0.206637793681 0.649582017818 0.0
2.3762284205 0.326235155922 0.0
-1.11589614068 0.870326343603 0.0
-3.77084504345 -0.768361562717 0.0
4.25719918644 0.832376713563 0.0
3.35058549224 -2.97530805028 0.0
-1.9663446727 0.15453362646 0.0
-5.86217417289 0.732858879552 0.0
1.54004824232 -0.984418481668 0.0
1.76962140515 1.30069375549 0.0
1.94083293808 -0.892276598051 0.0
1.06818943051 1.98654278071 0.0
4.51458007769 2.23716557304 0.0
-0.141814720464 -5.10347247772 0.0
2.66408477576 1.15548918487 0.0
-0.249461495493 -3.12812228275 0.0
2.22229360381 -3.58644773857 0.0
-0.215434670935 0.659028934886 0.0
-1.91884570277 7.06286837046 0.0
-3.11029861062 -0.762735961122 0.0
4.15220050979 -0.41550803593 0.0
-1.53483152041 -0.443535003025 0.0
-0.226887324904 -1.64488076404 0.0
1.45298823452 3.20245592345 0.0
-2.56779928322 -0.0732324588788 0.0
1.40549107059 -0.357361758286 0.0
2.0713547311 2.9162961161 0.0
2.02188351904 -1.40976943205 0.0
0.0116305196042 -0.861073356388 0.0
0.923025127711 1.37903696058 0.0
1.77186601638 -3.4512313609 0.0
1.78239596421 0.864404166313 0.0
3.80675707466 -0.727456131488 0.0
-0.656906440542 -2.58686295394 0.0
5.06386188275 -1.71257414602 0.0
-1.03124065372 0.388157303799 0.0
-1.0114877492 2.6070882459 0.0
-1.87973467241 -1.52362695319 0.0
4.17599157915 -2.27372696593 0.0
-3.04270471886 2.43582257674 0.0
4.87898907771 3.083572267 0.0
1.48407995718 -1.11076296578 0.0
-4.73009706557 1.77618576085 0.0
1.00579060835 -5.15032528806 0.0
5.29939286922 3.68507685233 0.0
1.04098565485 1.73572065919 0.0
-1.27980446423 0.22302680069 0.0
2.59363448274 -0.845943259439 0.0
1.4427919224 5.13446372606 0.0
-4.44397872502 1.63972561733 0.0
-3.74679038026 -0.885873645925 0.0
2.81395934302 0.454972153653 0.0
2.25656362556 1.74282018371 0.0
4.69918346571 -1.2105727676 0.0
-0.701251690542 2.39445570554 0.0
4.51814633201 1.53656809102 0.0
-2.33589584635 -1.64364275843 0.0
3.68946930718 -0.484380407172 0.0
-0.751032913029 -3.35726117635 0.0
2.77511252289 -0.287531141062 0.0
1.72379726831 -1.42370450626 0.0
-1.64041721177 -0.373445789104 0.0
1.33433609669 3.65985130054 0.0
3.85802103119 -2.3280392075 0.0
2.24583765579 -2.99911068835 0.0
1.44375734456 -0.28045966678 0.0
-1.12779036767 -1.90327395576 0.0
4.34094901596 0.196889749348 0.0
-2.31563150879 1.25845948293 0.0
1.29887188983 0.290297821058 0.0
-0.107587089688 -2.46034701633 0.0
-0.577790785366 -1.12607109584 0.0
-0.288291586928 -2.73262125669 0.0
-0.690942505434 -0.428326451612 0.0
-0.887590387529 3.97750925623 0.0
0.417091514454 -2.07271980502 0.0
1.11872796804 -1.9339844495 0.0
0.255799974329 -1.50009027048 0.0
-0.255459088566 2.63370803611 0.0
2.57952887207 1.69945390664 0.0
2.60776631367 3.05067542889 0.0
-2.60124621493 -2.35722981486 0.0
2.56546920546 1.39037991801 0.0
0.302971741231 -3.13084446262 0.0
0.763201945099 3.46010791494 0.0
-1.41137318422 1.57628675129 0.0
2.80015223408 -3.54206716902 0.0
-3.19452962241 -1.93160020463 0.0
-3.13000653067 1.69292573991 0.0
0.183791274101 -0.0123892541684 0.0
3.42139615612 0.362092105083 0.0
0.745271606275 0.947345117688 0.0
5.715908456 -0.636091438387 0.0
3.53772166503 -3.62008292387 0.0
0.485100511718 5.33735556773 0.0
5.38870423186 2.45611512951 0.0
-1.10702756025 1.18289416176 0.0
2.55152532314 0.833752025717 0.0
0.606557818476 1.79933126454 0.0
-0.0908264976755 2.86579660177 0.0
-3.63631612906 6.77560480182 0.0
-1.42166109173 -2.67723210096 0.0
0.0439891048213 -1.10750603312 0.0
-0.761497560162 -1.43886569517 0.0
-1.60355952981 1.32515449788 0.0
2.09406907699 3.96249556732 0.0
-1.9404045687 -1.06723223326 0.0
3.72109240305 -2.5453798668 0.0
-0.343635667692 -3.75309853443 0.0
5.86423962268 0.184531089958 0.0
0.35944088802 4.86625988046 0.0
4.37259066882 -3.15267009381 0.0
-1.21048752797 1.40620285687 0.0
-1.16391550553 -2.70785926604 0.0
-4.04454691462 1.40865530763 0.0
-1.61851660131 -1.87888708161 0.0
-0.501223399058 2.24601220288 0.0
1.517019487 0.165463621255 0.0
-2.19921132824 -3.27830186754 0.0
3.99293651437 -6.19831306886 0.0
-1.48884454745 0.856232864968 0.0
2.62079070219 0.308392146298 0.0
3.9300097421 0.520270184933 0.0
-1.46606370045 7.34779384762 0.0
0.481528313872 0.891881362448 0.0
-3.7273924979 3.57764402291 0.0
1.47649856714 2.36813344715 0.0
-1.77125565914 5.50380217122 0.0
0.420032086439 3.46168461834 0.0
-0.976702934824 1.6452233455 0.0
1.03837634579 0.471528588702 0.0
-2.26327872114 0.580846834896 0.0
-0.0961670394189 1.43333848491 0.0
