equilater2_T=0.0
30
1 1 1 1 1 1 1 1 1 1 1 1 1 1 1 1 1 1 1 1 1 1 1 1 1 1 1 1 1 1
3.0 3.73205080757 0.0
4.0 3.73205080757 0.0
5.0 3.73205080757 0.0
6.0 3.73205080757 0.0
7.0 3.73205080757 0.0
3.0 5.46410161514 0.0
4.0 5.46410161514 0.0
5.0 5.46410161514 0.0
6.0 5.46410161514 0.0
7.0 5.46410161514 0.0
3.0 7.19615242271 0.0
4.0 7.19615242271 0.0
5.0 7.19615242271 0.0
6.0 7.19615242271 0.0
7.0 7.19615242271 0.0
3.5 4.59807621135 0.0
4.5 4.59807621135 0.0
5.5 4.59807621135 0.0
6.5 4.59807621135 0.0
7.5 4.59807621135 0.0
3.5 6.33012701892 0.0
4.5 6.33012701892 0.0
5.5 6.33012701892 0.0
6.5 6.33012701892 0.0
7.5 6.33012701892 0.0
3.5 8.06217782649 0.0
4.5 8.06217782649 0.0
5.5 8.06217782649 0.0
6.5 8.06217782649 0.0
7.5 8.06217782649 0.0
0.0 0.0 0.0
0.0 0.0 0.0
0.0 0.0 0.0
0.0 0.0 0.0
0.0 0.0 0.0
0.0 0.0 0.0
0.0 0.0 0.0
0.0 0.0 0.0
0.0 0.0 0.0
0.0 0.0 0.0
0.0 0.0 0.0
0.0 0.0 0.0
0.0 0.0 0.0
0.0 0.0 0.0
0.0 0.0 0.0
0.0 0.0 0.0
0.0 0.0 0.0
0.0 0.0 0.0
0.0 0.0 0.0
0.0 0.0 0.0
0.0 0.0 0.0
0.0 0.0 0.0
0.0 0.0 0.0
0.0 0.0 0.0
0.0 0.0 0.0
0.0 0.0 0.0
0.0 0.0 0.0
0.0 0.0 0.0
0.0 0.0 0.0
0.0 0.0 0.0
