equilater_T=7.36842105263
200
1 1 1 1 1 1 1 1 1 1 1 1 1 1 1 1 1 1 1 1 1 1 1 1 1 1 1 1 1 1 1 1 1 1 1 1 1 1 1 1 1 1 1 1 1 1 1 1 1 1 1 1 1 1 1 1 1 1 1 1 1 1 1 1 1 1 1 1 1 1 1 1 1 1 1 1 1 1 1 1 1 1 1 1 1 1 1 1 1 1 1 1 1 1 1 1 1 1 1 1 1 1 1 1 1 1 1 1 1 1 1 1 1 1 1 1 1 1 1 1 1 1 1 1 1 1 1 1 1 1 1 1 1 1 1 1 1 1 1 1 1 1 1 1 1 1 1 1 1 1 1 1 1 1 1 1 1 1 1 1 1 1 1 1 1 1 1 1 1 1 1 1 1 1 1 1 1 1 1 1 1 1 1 1 1 1 1 1 1 1 1 1 1 1 1 1 1 1 1 1
1.0 1.73205080757 0.0
2.0 1.73205080757 0.0
3.0 1.73205080757 0.0
4.0 1.73205080757 0.0
5.0 1.73205080757 0.0
6.0 1.73205080757 0.0
7.0 1.73205080757 0.0
8.0 1.73205080757 0.0
9.0 1.73205080757 0.0
10.0 1.73205080757 0.0
1.0 3.46410161514 0.0
2.0 3.46410161514 0.0
3.0 3.46410161514 0.0
4.0 3.46410161514 0.0
5.0 3.46410161514 0.0
6.0 3.46410161514 0.0
7.0 3.46410161514 0.0
8.0 3.46410161514 0.0
9.0 3.46410161514 0.0
10.0 3.46410161514 0.0
1.0 5.19615242271 0.0
2.0 5.19615242271 0.0
3.0 5.19615242271 0.0
4.0 5.19615242271 0.0
5.0 5.19615242271 0.0
6.0 5.19615242271 0.0
7.0 5.19615242271 0.0
8.0 5.19615242271 0.0
9.0 5.19615242271 0.0
10.0 5.19615242271 0.0
1.0 6.92820323028 0.0
2.0 6.92820323028 0.0
3.0 6.92820323028 0.0
4.0 6.92820323028 0.0
5.0 6.92820323028 0.0
6.0 6.92820323028 0.0
7.0 6.92820323028 0.0
8.0 6.92820323028 0.0
9.0 6.92820323028 0.0
10.0 6.92820323028 0.0
1.0 8.66025403784 0.0
2.0 8.66025403784 0.0
3.0 8.66025403784 0.0
4.0 8.66025403784 0.0
5.0 8.66025403784 0.0
6.0 8.66025403784 0.0
7.0 8.66025403784 0.0
8.0 8.66025403784 0.0
9.0 8.66025403784 0.0
10.0 8.66025403784 0.0
1.0 10.3923048454 0.0
2.0 10.3923048454 0.0
3.0 10.3923048454 0.0
4.0 10.3923048454 0.0
5.0 10.3923048454 0.0
6.0 10.3923048454 0.0
7.0 10.3923048454 0.0
8.0 10.3923048454 0.0
9.0 10.3923048454 0.0
10.0 10.3923048454 0.0
1.0 12.124355653 0.0
2.0 12.124355653 0.0
3.0 12.124355653 0.0
4.0 12.124355653 0.0
5.0 12.124355653 0.0
6.0 12.124355653 0.0
7.0 12.124355653 0.0
8.0 12.124355653 0.0
9.0 12.124355653 0.0
10.0 12.124355653 0.0
1.0 13.8564064606 0.0
2.0 13.8564064606 0.0
3.0 13.8564064606 0.0
4.0 13.8564064606 0.0
5.0 13.8564064606 0.0
6.0 13.8564064606 0.0
7.0 13.8564064606 0.0
8.0 13.8564064606 0.0
9.0 13.8564064606 0.0
10.0 13.8564064606 0.0
1.0 15.5884572681 0.0
2.0 15.5884572681 0.0
3.0 15.5884572681 0.0
4.0 15.5884572681 0.0
5.0 15.5884572681 0.0
6.0 15.5884572681 0.0
7.0 15.5884572681 0.0
8.0 15.5884572681 0.0
9.0 15.5884572681 0.0
10.0 15.5884572681 0.0
1.0 17.3205080757 0.0
2.0 17.3205080757 0.0
3.0 17.3205080757 0.0
4.0 17.3205080757 0.0
5.0 17.3205080757 0.0
6.0 17.3205080757 0.0
7.0 17.3205080757 0.0
8.0 17.3205080757 0.0
9.0 17.3205080757 0.0
10.0 17.3205080757 0.0
1.5 2.59807621135 0.0
2.5 2.59807621135 0.0
3.5 2.59807621135 0.0
4.5 2.59807621135 0.0
5.5 2.59807621135 0.0
6.5 2.59807621135 0.0
7.5 2.59807621135 0.0
8.5 2.59807621135 0.0
9.5 2.59807621135 0.0
10.5 2.59807621135 0.0
1.5 4.33012701892 0.0
2.5 4.33012701892 0.0
3.5 4.33012701892 0.0
4.5 4.33012701892 0.0
5.5 4.33012701892 0.0
6.5 4.33012701892 0.0
7.5 4.33012701892 0.0
8.5 4.33012701892 0.0
9.5 4.33012701892 0.0
10.5 4.33012701892 0.0
1.5 6.06217782649 0.0
2.5 6.06217782649 0.0
3.5 6.06217782649 0.0
4.5 6.06217782649 0.0
5.5 6.06217782649 0.0
6.5 6.06217782649 0.0
7.5 6.06217782649 0.0
8.5 6.06217782649 0.0
9.5 6.06217782649 0.0
10.5 6.06217782649 0.0
1.5 7.79422863406 0.0
2.5 7.79422863406 0.0
3.5 7.79422863406 0.0
4.5 7.79422863406 0.0
5.5 7.79422863406 0.0
6.5 7.79422863406 0.0
7.5 7.79422863406 0.0
8.5 7.79422863406 0.0
9.5 7.79422863406 0.0
10.5 7.79422863406 0.0
1.5 9.52627944163 0.0
2.5 9.52627944163 0.0
3.5 9.52627944163 0.0
4.5 9.52627944163 0.0
5.5 9.52627944163 0.0
6.5 9.52627944163 0.0
7.5 9.52627944163 0.0
8.5 9.52627944163 0.0
9.5 9.52627944163 0.0
10.5 9.52627944163 0.0
1.5 11.2583302492 0.0
2.5 11.2583302492 0.0
3.5 11.2583302492 0.0
4.5 11.2583302492 0.0
5.5 11.2583302492 0.0
6.5 11.2583302492 0.0
7.5 11.2583302492 0.0
8.5 11.2583302492 0.0
9.5 11.2583302492 0.0
10.5 11.2583302492 0.0
1.5 12.9903810568 0.0
2.5 12.9903810568 0.0
3.5 12.9903810568 0.0
4.5 12.9903810568 0.0
5.5 12.9903810568 0.0
6.5 12.9903810568 0.0
7.5 12.9903810568 0.0
8.5 12.9903810568 0.0
9.5 12.9903810568 0.0
10.5 12.9903810568 0.0
1.5 14.7224318643 0.0
2.5 14.7224318643 0.0
3.5 14.7224318643 0.0
4.5 14.7224318643 0.0
5.5 14.7224318643 0.0
6.5 14.7224318643 0.0
7.5 14.7224318643 0.0
8.5 14.7224318643 0.0
9.5 14.7224318643 0.0
10.5 14.7224318643 0.0
1.5 16.4544826719 0.0
2.5 16.4544826719 0.0
3.5 16.4544826719 0.0
4.5 16.4544826719 0.0
5.5 16.4544826719 0.0
6.5 16.4544826719 0.0
7.5 16.4544826719 0.0
8.5 16.4544826719 0.0
9.5 16.4544826719 0.0
10.5 16.4544826719 0.0
1.5 18.1865334795 0.0
2.5 18.1865334795 0.0
3.5 18.1865334795 0.0
4.5 18.1865334795 0.0
5.5 18.1865334795 0.0
6.5 18.1865334795 0.0
7.5 18.1865334795 0.0
8.5 18.1865334795 0.0
9.5 18.1865334795 0.0
10.5 18.1865334795 0.0
7.50502694722 -1.21017777693 0.0
4.01555467246 -1.00433403261 0.0
-2.9592589296 2.44105687906 0.0
3.21842252208 1.62096729084 0.0
4.40355622009 -0.578021632513 0.0
-0.342951011914 0.462658695617 0.0
-2.62194613324 0.670531224489 0.0
-1.86289616588 -0.0547746475519 0.0
1.82262370247 -3.98250210326 0.0
1.10707969013 0.0656421543696 0.0
4.15656684449 -0.142975658594 0.0
0.096034041129 -3.54174750833 0.0
0.571605851471 -0.124088984852 0.0
-3.7473901165 1.53945106405 0.0
4.86312880078 3.63624848622 0.0
2.7747867239 2.62131861702 0.0
-0.421803603671 -1.80979848668 0.0
0.0173054644766 -2.02974881117 0.0
4.67262757273 -2.13835067403 0.0
-1.54228872669 0.649236256671 0.0
-4.14590224112 -2.95048793825 0.0
-2.18641513427 -2.1875759329 0.0
2.74634142933 -2.12631358096 0.0
-1.67252566828 3.45472974389 0.0
0.84891856946 -0.201640225363 0.0
-1.82788439601 0.231140009773 0.0
0.851232380712 -3.51581202743 0.0
3.61578592846 3.99720833649 0.0
1.08965111503 -3.64630712924 0.0
1.65564004714 0.609299452289 0.0
1.62564690319 0.737916276052 0.0
-2.50749849396 -0.118804782578 0.0
2.17498087558 -4.05021328254 0.0
-0.356937225629 -3.38656417956 0.0
-3.17261122152 2.11599234845 0.0
0.48127817211 -0.72228155155 0.0
-1.93579702134 -1.51226676355 0.0
0.0316265373883 -0.433249668567 0.0
3.21982870568 1.52994552292 0.0
-0.804703731666 -0.0674725788821 0.0
-5.28585436343 -9.10729817527 0.0
-3.40974861259 -0.198195091735 0.0
-1.72214977538 -0.244698181603 0.0
-4.51654310824 -4.39101297642 0.0
-2.15300815499 -0.0169956283688 0.0
-0.265993349578 -0.761076852407 0.0
-3.6858493922 0.965906965282 0.0
1.33313062002 1.30219175812 0.0
-1.30290190929 -0.905311256886 0.0
-0.545049312514 -4.74792385226 0.0
-2.45834481552 -0.898040465894 0.0
-0.140917791296 2.32704806297 0.0
-3.31368130122 5.3224633897 0.0
-1.87111523529 1.33835280824 0.0
-2.63779795654 3.11870341805 0.0
-1.50909879622 -3.72482370635 0.0
1.89666735425 -3.29206124748 0.0
1.72038577608 5.71709472687 0.0
1.33203789122 0.895781718295 0.0
-0.721318796151 -1.65568842271 0.0
3.64682559531 0.0454529423833 0.0
-1.98491254896 2.19508992239 0.0
0.104753426418 2.97849496635 0.0
2.0845578224 3.01091689389 0.0
1.0248345459 0.153644015346 0.0
4.14517774581 3.93320050639 0.0
-3.73492336833 0.725530739698 0.0
-4.61699154098 -6.03456140227 0.0
1.12230053872 -1.40473293906 0.0
-4.18275682378 3.9691910096 0.0
-2.61974412442 1.51414146598 0.0
-1.88263633069 -0.188411386222 0.0
-6.88209089627 -0.869805977191 0.0
-1.43959433716 2.21421001009 0.0
-1.02372068803 -1.39306717176 0.0
-0.569143365857 1.62157342302 0.0
1.10137509215 -6.37313284075 0.0
0.885112881438 5.34704966479 0.0
-3.89733520498 -2.34456712531 0.0
-1.43453247168 -0.0567540599374 0.0
-1.87233090574 -3.17234629888 0.0
-0.218164323037 -0.609603230691 0.0
-0.31105571554 1.17128282432 0.0
1.35957557263 2.68962171584 0.0
-2.03571587674 -0.0685070324886 0.0
0.806514909419 -2.86035312232 0.0
-2.78344312297 -0.593172424477 0.0
-1.63521178159 -1.00861760252 0.0
3.55882537442 2.37064194029 0.0
-4.78502458153 -6.08360901139 0.0
-0.342510209963 -3.27400137244 0.0
-0.473658378198 -0.516823433013 0.0
1.94775166956 -2.93352367003 0.0
4.47265098356 -1.12597892795 0.0
3.22930632056 1.97521172318 0.0
3.30199203178 0.234659747768 0.0
-0.627424676361 -1.73909303847 0.0
2.78769945476 -2.24917396656 0.0
-3.31174137631 0.171646976596 0.0
-0.49676446187 -2.50058922627 0.0
3.68031312699 -1.80105722765 0.0
-1.73418909734 1.79795207125 0.0
-0.305086940159 -1.33886623809 0.0
2.07247362761 0.414161231028 0.0
-0.291955849099 -0.147311713834 0.0
-2.82743731884 2.91449964026 0.0
-0.881382579306 -0.125439335176 0.0
-2.72221712066 -5.60320132062 0.0
0.379704548858 -1.55728191264 0.0
1.02305103077 0.369941941598 0.0
3.09075211562 -0.819049067713 0.0
-2.42603580592 -3.66061765918 0.0
-4.16475413222 1.80003109511 0.0
0.26438091658 -0.956635137178 0.0
2.38094739308 1.52349369514 0.0
-2.11867107113 -1.32497776695 0.0
1.57054506777 -3.75965930068 0.0
-4.96946765638 -1.10829831576 0.0
1.40489333367 -0.742333646862 0.0
-0.252737278149 -2.62312202998 0.0
-0.65409215063 -0.154598895578 0.0
1.00687476962 -3.79196925439 0.0
-4.63162620413 0.458407265571 0.0
0.895898523345 2.41209101815 0.0
-5.53651553269 -2.07810792199 0.0
-3.02636920424 1.20154855346 0.0
-2.96871332303 -2.26030352141 0.0
-1.50878747814 2.45540186226 0.0
-0.30491492922 -1.14096020424 0.0
5.20437740537 0.827504824392 0.0
1.10251658978 2.75148130913 0.0
4.76274045482 0.809432119594 0.0
5.21171111066 1.14073022573 0.0
-1.82168665244 -3.13403580516 0.0
-2.95747264623 -3.55895359767 0.0
-1.49284407462 -0.719142006539 0.0
-4.99077988277 -1.37690199778 0.0
1.6146060268 -3.45136632692 0.0
2.64036457503 0.791242075063 0.0
0.227486152687 2.47631623324 0.0
0.507441132302 2.50860785393 0.0
-1.19982430556 -4.66284719792 0.0
-3.72547496981 3.40396050954 0.0
0.388772671901 -0.964601505145 0.0
5.12637846571 0.842979441672 0.0
-2.1076798285 -0.0533559170293 0.0
-3.02190807193 -1.67992944798 0.0
-0.129269296979 3.40727643861 0.0
-2.49922270663 1.89862601799 0.0
-0.185854770386 3.20911028076 0.0
0.0662126431611 2.45413992868 0.0
-0.139566399107 -2.40277330841 0.0
-3.00394452527 -1.47375810146 0.0
-1.15882042945 4.57904867367 0.0
-2.96401284754 -1.81717050392 0.0
2.53452376091 -1.30223379954 0.0
0.752532377154 -0.365395602934 0.0
1.02017648262 -0.873509467644 0.0
4.02220182737 2.44932233561 0.0
0.384567003086 0.438770330704 0.0
1.60750680926 2.78518425249 0.0
-0.561203230341 -0.508265263173 0.0
-0.727759741857 1.33519323605 0.0
3.72590202022 -0.153614266559 0.0
-4.30908504265 0.414940397571 0.0
0.227460732444 -1.47329046203 0.0
0.801345379483 -6.29240262134 0.0
-1.47464088576 -1.37281921759 0.0
-2.48276249289 0.671860920947 0.0
-0.571424789398 -2.5548849499 0.0
2.94651728415 0.0403820843037 0.0
-1.67422064433 -0.685166000077 0.0
1.55534640044 1.14913024375 0.0
-2.00482414115 -1.25414981847 0.0
1.85196971666 -0.00600998251199 0.0
3.98085263964 -1.69344502024 0.0
3.31657209742 -2.32632472658 0.0
-3.07507740751 0.201807266812 0.0
-1.6842701235 5.44318440382 0.0
0.168695101012 1.98737614334 0.0
-3.80186034197 -0.869972032772 0.0
0.930468762969 -3.84388095248 0.0
-0.214972401737 -2.46827023113 0.0
0.0874308667442 1.80856524933 0.0
0.496667713791 1.68406567319 0.0
3.11895520275 2.84175390976 0.0
-1.08256230401 0.32465071327 0.0
-3.36598531155 0.335482398655 0.0
2.74920642762 -2.30062473397 0.0
0.754232610879 -0.277886064297 0.0
-0.711807432928 5.84889266726 0.0
0.557476179997 0.548587380949 0.0
-0.272291197694 3.47828269397 0.0
3.03563810814 0.438218208564 0.0
0.25604370748 0.336260101621 0.0
0.785227457621 -1.09525413992 0.0
-0.193096226798 3.41892898627 0.0
-0.525747192124 -0.380837395333 0.0
-4.10803670733 1.84631162167 0.0
-1.42303475486 -4.08283191687 0.0
