equilater2_T=15.0
30
1 1 1 1 1 1 1 1 1 1 1 1 1 1 1 1 1 1 1 1 1 1 1 1 1 1 1 1 1 1
3.0 3.73205080757 0.0
4.0 3.73205080757 0.0
5.0 3.73205080757 0.0
6.0 3.73205080757 0.0
7.0 3.73205080757 0.0
3.0 5.46410161514 0.0
4.0 5.46410161514 0.0
5.0 5.46410161514 0.0
6.0 5.46410161514 0.0
7.0 5.46410161514 0.0
3.0 7.19615242271 0.0
4.0 7.19615242271 0.0
5.0 7.19615242271 0.0
6.0 7.19615242271 0.0
7.0 7.19615242271 0.0
3.5 4.59807621135 0.0
4.5 4.59807621135 0.0
5.5 4.59807621135 0.0
6.5 4.59807621135 0.0
7.5 4.59807621135 0.0
3.5 6.33012701892 0.0
4.5 6.33012701892 0.0
5.5 6.33012701892 0.0
6.5 6.33012701892 0.0
7.5 6.33012701892 0.0
3.5 8.06217782649 0.0
4.5 8.06217782649 0.0
5.5 8.06217782649 0.0
6.5 8.06217782649 0.0
7.5 8.06217782649 0.0
-4.95853153119 -7.92689746983 0.0
-2.81765494773 2.87441524829 0.0
-1.3762403474 -4.07569934243 0.0
2.81418383088 6.15139323237 0.0
-2.74746479766 3.11593236576 0.0
2.31300193657 -0.43843578392 0.0
-2.94216877297 -4.41504416899 0.0
5.08107204952 -5.82450034088 0.0
9.90057235048 -0.865114065114 0.0
-5.68104732772 -7.9171481381 0.0
-6.69086947581 6.22876693067 0.0
1.44681844725 -5.01201478435 0.0
-1.95113048073 -2.61236808845 0.0
1.65163445224 3.50941578707 0.0
7.79227075833 2.78898396934 0.0
-6.88776004966 6.11751881395 0.0
-3.27559037295 -5.06463033309 0.0
-1.42782810176 -4.32765080289 0.0
1.08705874523 4.57914021192 0.0
-4.32601927583 -3.38586020306 0.0
-1.30136667354 2.49229529645 0.0
1.32616696308 -7.29610170212 0.0
2.66681361649 -5.15978735132 0.0
-5.45527267597 0.382070051733 0.0
7.65940246784 -0.770863188257 0.0
0.657407850655 -3.83460433918 0.0
1.00061797193 -0.295055334711 0.0
-1.71854421956 -3.19459593832 0.0
-2.4416589105 1.35971293721 0.0
0.700369868464 2.06830828964 0.0
