equilater_T=7.89473684211
200
1 1 1 1 1 1 1 1 1 1 1 1 1 1 1 1 1 1 1 1 1 1 1 1 1 1 1 1 1 1 1 1 1 1 1 1 1 1 1 1 1 1 1 1 1 1 1 1 1 1 1 1 1 1 1 1 1 1 1 1 1 1 1 1 1 1 1 1 1 1 1 1 1 1 1 1 1 1 1 1 1 1 1 1 1 1 1 1 1 1 1 1 1 1 1 1 1 1 1 1 1 1 1 1 1 1 1 1 1 1 1 1 1 1 1 1 1 1 1 1 1 1 1 1 1 1 1 1 1 1 1 1 1 1 1 1 1 1 1 1 1 1 1 1 1 1 1 1 1 1 1 1 1 1 1 1 1 1 1 1 1 1 1 1 1 1 1 1 1 1 1 1 1 1 1 1 1 1 1 1 1 1 1 1 1 1 1 1 1 1 1 1 1 1 1 1 1 1 1 1
1.0 1.73205080757 0.0
2.0 1.73205080757 0.0
3.0 1.73205080757 0.0
4.0 1.73205080757 0.0
5.0 1.73205080757 0.0
6.0 1.73205080757 0.0
7.0 1.73205080757 0.0
8.0 1.73205080757 0.0
9.0 1.73205080757 0.0
10.0 1.73205080757 0.0
1.0 3.46410161514 0.0
2.0 3.46410161514 0.0
3.0 3.46410161514 0.0
4.0 3.46410161514 0.0
5.0 3.46410161514 0.0
6.0 3.46410161514 0.0
7.0 3.46410161514 0.0
8.0 3.46410161514 0.0
9.0 3.46410161514 0.0
10.0 3.46410161514 0.0
1.0 5.19615242271 0.0
2.0 5.19615242271 0.0
3.0 5.19615242271 0.0
4.0 5.19615242271 0.0
5.0 5.19615242271 0.0
6.0 5.19615242271 0.0
7.0 5.19615242271 0.0
8.0 5.19615242271 0.0
9.0 5.19615242271 0.0
10.0 5.19615242271 0.0
1.0 6.92820323028 0.0
2.0 6.92820323028 0.0
3.0 6.92820323028 0.0
4.0 6.92820323028 0.0
5.0 6.92820323028 0.0
6.0 6.92820323028 0.0
7.0 6.92820323028 0.0
8.0 6.92820323028 0.0
9.0 6.92820323028 0.0
10.0 6.92820323028 0.0
1.0 8.66025403784 0.0
2.0 8.66025403784 0.0
3.0 8.66025403784 0.0
4.0 8.66025403784 0.0
5.0 8.66025403784 0.0
6.0 8.66025403784 0.0
7.0 8.66025403784 0.0
8.0 8.66025403784 0.0
9.0 8.66025403784 0.0
10.0 8.66025403784 0.0
1.0 10.3923048454 0.0
2.0 10.3923048454 0.0
3.0 10.3923048454 0.0
4.0 10.3923048454 0.0
5.0 10.3923048454 0.0
6.0 10.3923048454 0.0
7.0 10.3923048454 0.0
8.0 10.3923048454 0.0
9.0 10.3923048454 0.0
10.0 10.3923048454 0.0
1.0 12.124355653 0.0
2.0 12.124355653 0.0
3.0 12.124355653 0.0
4.0 12.124355653 0.0
5.0 12.124355653 0.0
6.0 12.124355653 0.0
7.0 12.124355653 0.0
8.0 12.124355653 0.0
9.0 12.124355653 0.0
10.0 12.124355653 0.0
1.0 13.8564064606 0.0
2.0 13.8564064606 0.0
3.0 13.8564064606 0.0
4.0 13.8564064606 0.0
5.0 13.8564064606 0.0
6.0 13.8564064606 0.0
7.0 13.8564064606 0.0
8.0 13.8564064606 0.0
9.0 13.8564064606 0.0
10.0 13.8564064606 0.0
1.0 15.5884572681 0.0
2.0 15.5884572681 0.0
3.0 15.5884572681 0.0
4.0 15.5884572681 0.0
5.0 15.5884572681 0.0
6.0 15.5884572681 0.0
7.0 15.5884572681 0.0
8.0 15.5884572681 0.0
9.0 15.5884572681 0.0
10.0 15.5884572681 0.0
1.0 17.3205080757 0.0
2.0 17.3205080757 0.0
3.0 17.3205080757 0.0
4.0 17.3205080757 0.0
5.0 17.3205080757 0.0
6.0 17.3205080757 0.0
7.0 17.3205080757 0.0
8.0 17.3205080757 0.0
9.0 17.3205080757 0.0
10.0 17.3205080757 0.0
1.5 2.59807621135 0.0
2.5 2.59807621135 0.0
3.5 2.59807621135 0.0
4.5 2.59807621135 0.0
5.5 2.59807621135 0.0
6.5 2.59807621135 0.0
7.5 2.59807621135 0.0
8.5 2.59807621135 0.0
9.5 2.59807621135 0.0
10.5 2.59807621135 0.0
1.5 4.33012701892 0.0
2.5 4.33012701892 0.0
3.5 4.33012701892 0.0
4.5 4.33012701892 0.0
5.5 4.33012701892 0.0
6.5 4.33012701892 0.0
7.5 4.33012701892 0.0
8.5 4.33012701892 0.0
9.5 4.33012701892 0.0
10.5 4.33012701892 0.0
1.5 6.06217782649 0.0
2.5 6.06217782649 0.0
3.5 6.06217782649 0.0
4.5 6.06217782649 0.0
5.5 6.06217782649 0.0
6.5 6.06217782649 0.0
7.5 6.06217782649 0.0
8.5 6.06217782649 0.0
9.5 6.06217782649 0.0
10.5 6.06217782649 0.0
1.5 7.79422863406 0.0
2.5 7.79422863406 0.0
3.5 7.79422863406 0.0
4.5 7.79422863406 0.0
5.5 7.79422863406 0.0
6.5 7.79422863406 0.0
7.5 7.79422863406 0.0
8.5 7.79422863406 0.0
9.5 7.79422863406 0.0
10.5 7.79422863406 0.0
1.5 9.52627944163 0.0
2.5 9.52627944163 0.0
3.5 9.52627944163 0.0
4.5 9.52627944163 0.0
5.5 9.52627944163 0.0
6.5 9.52627944163 0.0
7.5 9.52627944163 0.0
8.5 9.52627944163 0.0
9.5 9.52627944163 0.0
10.5 9.52627944163 0.0
1.5 11.2583302492 0.0
2.5 11.2583302492 0.0
3.5 11.2583302492 0.0
4.5 11.2583302492 0.0
5.5 11.2583302492 0.0
6.5 11.2583302492 0.0
7.5 11.2583302492 0.0
8.5 11.2583302492 0.0
9.5 11.2583302492 0.0
10.5 11.2583302492 0.0
1.5 12.9903810568 0.0
2.5 12.9903810568 0.0
3.5 12.9903810568 0.0
4.5 12.9903810568 0.0
5.5 12.9903810568 0.0
6.5 12.9903810568 0.0
7.5 12.9903810568 0.0
8.5 12.9903810568 0.0
9.5 12.9903810568 0.0
10.5 12.9903810568 0.0
1.5 14.7224318643 0.0
2.5 14.7224318643 0.0
3.5 14.7224318643 0.0
4.5 14.7224318643 0.0
5.5 14.7224318643 0.0
6.5 14.7224318643 0.0
7.5 14.7224318643 0.0
8.5 14.7224318643 0.0
9.5 14.7224318643 0.0
10.5 14.7224318643 0.0
1.5 16.4544826719 0.0
2.5 16.4544826719 0.0
3.5 16.4544826719 0.0
4.5 16.4544826719 0.0
5.5 16.4544826719 0.0
6.5 16.4544826719 0.0
7.5 16.4544826719 0.0
8.5 16.4544826719 0.0
9.5 16.4544826719 0.0
10.5 16.4544826719 0.0
1.5 18.1865334795 0.0
2.5 18.1865334795 0.0
3.5 18.1865334795 0.0
4.5 18.1865334795 0.0
5.5 18.1865334795 0.0
6.5 18.1865334795 0.0
7.5 18.1865334795 0.0
8.5 18.1865334795 0.0
9.5 18.1865334795 0.0
10.5 18.1865334795 0.0
0.264512291127 3.8762235972 0.0
-0.41664671639 -0.448611277788 0.0
3.46012851442 2.84557099499 0.0
-1.05110275228 3.70857323332 0.0
3.53344653966 3.29171725897 0.0
-2.47142869079 -0.0324390254325 0.0
0.336598253929 -0.81570166465 0.0
1.18773297704 -3.80186029338 0.0
-0.832194221284 -4.81301062404 0.0
-0.0923968361541 4.24206849714 0.0
-2.23892184954 1.46093619552 0.0
1.96563860375 1.275463076 0.0
-2.01006453968 0.990191279542 0.0
2.05239141848 1.92751765683 0.0
3.12074698774 -1.20355984595 0.0
2.17230476568 2.73614746087 0.0
4.51955784221 -0.0605450772934 0.0
-2.05369828755 -5.35724035242 0.0
-0.416093785021 1.84832379856 0.0
1.75471424567 -0.0697250550923 0.0
-1.42067868112 3.03628833949 0.0
-2.70230055764 -6.66063167782 0.0
-3.45744889858 -2.64207756502 0.0
-0.668183328785 -2.36281366656 0.0
-4.03691087152 0.752639283574 0.0
0.883617284162 0.354047662057 0.0
4.03732162187 0.0192082030282 0.0
2.89655965408 2.93913921877 0.0
-3.41948816503 1.05765479274 0.0
5.76580616521 1.72561123233 0.0
-1.82484504591 -0.455722756583 0.0
3.79309082068 3.07698853626 0.0
-1.55788091239 -0.339281997377 0.0
7.2123837795 1.92183206039 0.0
0.387758016651 -0.246597573016 0.0
-2.47190956202 5.32173761021 0.0
-4.79080181273 2.21971432932 0.0
-1.14192366032 -3.11825745397 0.0
0.0332431491773 -0.673671771941 0.0
-1.77208098112 -1.82615900231 0.0
-6.08337049329 -4.42539371618 0.0
-2.85101868397 1.85173497934 0.0
2.00820094552 2.72620852028 0.0
-1.53442799151 1.64252764594 0.0
3.98375686228 5.44499950497 0.0
-0.0551473497682 2.85715930252 0.0
7.1140366153 -0.177185493787 0.0
-0.504959022694 2.62869177137 0.0
0.240391604232 -4.99008286552 0.0
0.703326073068 -3.51916547961 0.0
1.10455917624 -0.262654221714 0.0
2.21584664859 -3.12156721155 0.0
0.892748257352 0.447554274696 0.0
0.17115672262 -1.43978494588 0.0
-0.604513476649 -1.64737159058 0.0
-3.32403410108 -3.45939923051 0.0
1.05455036661 -3.62018643701 0.0
2.62121424062 1.44497025082 0.0
2.82089005246 2.61579923497 0.0
-1.30562174648 -1.64825324114 0.0
7.55850197948 -1.26668592622 0.0
-2.72635977847 0.31477503524 0.0
-0.612829446568 2.23888330872 0.0
-0.0142489415453 0.611123965239 0.0
3.24290871121 -4.53345189658 0.0
0.0955298664249 -0.785960274495 0.0
0.728626270154 -8.85064426895 0.0
2.72929673906 2.06348330302 0.0
0.135222200097 0.433994550001 0.0
-0.435208053303 -1.026622339 0.0
4.25843597112 4.08390477244 0.0
2.09151627323 0.993531437191 0.0
-3.94705021863 -1.61346745864 0.0
-4.17177909566 -0.476949934224 0.0
0.0137936993578 5.15680976958 0.0
-1.83145492069 -9.49831379916 0.0
3.91271145481 1.85482900653 0.0
3.42659652455 1.3979797285 0.0
-2.16405910349 0.849944373564 0.0
-2.23063639714 2.01615384306 0.0
-4.15782393299 -2.09389240214 0.0
-0.360171194508 2.43776889571 0.0
-4.52941124185 4.66039359938 0.0
-3.70620201567 1.12513058152 0.0
-0.52735190082 -3.10092145488 0.0
4.56954377507 -2.07715375396 0.0
4.31146407571 4.38107540218 0.0
0.085902789152 -1.51579707812 0.0
-1.33513692853 -1.68601786466 0.0
-5.57054261601 -3.45724503636 0.0
-0.351205083172 0.551810751248 0.0
-2.19371590436 -4.28848532104 0.0
-2.94378706204 -2.21183830938 0.0
-0.050576200672 0.324202037557 0.0
-1.49809684875 0.730720072693 0.0
0.823276329829 -4.2344494059 0.0
-2.72995290047 2.05266609105 0.0
-3.11305691434 -2.32686490725 0.0
0.399943767436 -1.63329607012 0.0
-0.925858824135 -1.94607365323 0.0
-1.60275868552 1.67688271494 0.0
2.01399322579 0.594898462281 0.0
2.63361426283 -3.38065066262 0.0
-4.29464785681 1.32140250737 0.0
1.94780320273 1.74992739314 0.0
2.36012537163 -1.90130983674 0.0
0.640045040388 -1.6359781703 0.0
0.991024931716 -1.58413184716 0.0
-0.866565058367 -0.569918208824 0.0
-4.77399129622 -2.70809155159 0.0
0.205860763194 0.363831609156 0.0
0.434409291911 5.0148007268 0.0
-3.73862638449 1.91243035493 0.0
-1.01662618914 -6.4654052757 0.0
2.56393694961 4.38512074949 0.0
1.27255554188 2.38330511901 0.0
-1.67425450485 4.00145241198 0.0
0.0379718248204 -0.367135022005 0.0
-0.978286504989 2.68236660132 0.0
-2.22803005176 0.607867574235 0.0
1.64057987717 -4.20319569907 0.0
0.757793042518 -1.33663278734 0.0
4.19279124181 -3.11397074718 0.0
1.46863366724 -2.73652175693 0.0
-0.381113013229 3.48141238904 0.0
-2.91787881196 0.671769511197 0.0
5.61442982973 3.30130429301 0.0
2.35393827836 2.71920455373 0.0
-2.72499673595 -2.83375985991 0.0
0.737452677942 -0.253969565551 0.0
1.36976604397 0.128103526233 0.0
1.17595238391 -1.77108772084 0.0
2.02253484998 -7.1198373795 0.0
-4.82272040911 0.720223707098 0.0
3.84354367829 5.2772577919 0.0
4.8297005826 -1.93318419906 0.0
3.6952093454 -3.33974736618 0.0
-1.83348984158 -1.69972343551 0.0
-2.1730326755 1.96172809512 0.0
-0.0541728110842 -0.477807422529 0.0
3.91797990967 -3.26810204482 0.0
-1.41206428326 0.876493324016 0.0
5.99929494831 0.0305673738728 0.0
-2.37852967168 -0.146669137565 0.0
-3.00283513751 -0.921648801874 0.0
-0.754156971338 2.47766578053 0.0
3.46675738967 0.510110367094 0.0
3.15220071832 -2.63196607932 0.0
6.03739215116 2.84619729992 0.0
0.115210033261 -1.74806482772 0.0
3.37606502201 -4.34981673569 0.0
1.05242982186 0.618260880398 0.0
-1.78432830755 3.30388266191 0.0
-0.733735515431 -4.98247027718 0.0
0.944860624618 -4.28657647937 0.0
-3.23546090279 0.61079725569 0.0
3.98522301822 0.468231798776 0.0
4.16049571895 0.0459490541818 0.0
7.06125023871 0.0657883988329 0.0
0.957265183676 -3.79872901446 0.0
-0.744874343099 1.69808561136 0.0
-1.17047784082 1.84457939828 0.0
-2.55739148811 -0.560833456595 0.0
-1.37717662679 2.80658435631 0.0
2.77076746631 -1.78998625811 0.0
-0.452132301861 -2.66639528174 0.0
1.94149129287 0.708958013821 0.0
1.00599735198 -2.85896761125 0.0
-2.42995495515 0.385987900524 0.0
-0.425473637254 -0.161885931559 0.0
-1.3883173253 -0.399930966209 0.0
-1.06525531578 -1.20850379771 0.0
-1.61258376071 -0.462874628665 0.0
-4.57267197435 -1.19110766053 0.0
2.53798964934 -4.75011024188 0.0
-3.34341816382 1.63923358646 0.0
3.15071041325 -2.83870913753 0.0
5.93265840435 -1.76768671832 0.0
-1.17436473227 4.20189020364 0.0
-0.719322492931 -2.91152441404 0.0
0.899933185301 1.32156387405 0.0
-2.89214527479 3.18566763313 0.0
-1.82626904726 -3.48364495663 0.0
-1.77689273785 1.44553958352 0.0
5.2518992314 -1.96078822803 0.0
0.0759747481998 -0.111088983411 0.0
0.882780236923 -1.26323521218 0.0
-3.43090124706 -0.253805625659 0.0
-3.51473249754 0.602668859018 0.0
3.21336625671 2.74961956044 0.0
1.64425875274 -3.90905487647 0.0
-3.87236136476 -0.415181941075 0.0
2.42654999399 3.41526100809 0.0
3.39708873144 3.86572535468 0.0
3.13162886875 2.17792087469 0.0
1.85303301875 3.26735823744 0.0
4.05449912673 0.200636805799 0.0
3.35345077681 -0.721322025246 0.0
4.79388186981 1.12329067104 0.0
2.12346614893 0.101963123893 0.0
