equilater_T=11.1111111111
20
1 1 1 1 1 1 1 1 1 1 1 1 1 1 1 1 1 1 1 1
3.12246204831 3.94416129724 0.0
4.24492409662 3.94416129724 0.0
5.36738614493 3.94416129724 0.0
6.48984819324 3.94416129724 0.0
7.61231024155 3.94416129724 0.0
3.12246204831 5.88832259448 0.0
4.24492409662 5.88832259448 0.0
5.36738614493 5.88832259448 0.0
6.48984819324 5.88832259448 0.0
7.61231024155 5.88832259448 0.0
3.68369307246 4.91624194586 0.0
4.80615512077 4.91624194586 0.0
5.92861716908 4.91624194586 0.0
7.05107921739 4.91624194586 0.0
8.1735412657 4.91624194586 0.0
3.68369307246 6.8604032431 0.0
4.80615512077 6.8604032431 0.0
5.92861716908 6.8604032431 0.0
7.05107921739 6.8604032431 0.0
8.1735412657 6.8604032431 0.0
-3.52876592004 2.82867579304 0.0
1.77531273563 -4.44076431417 0.0
0.364644930258 -0.943160522946 0.0
2.02095262523 -2.36547483932 0.0
-2.37008506395 -5.05346170078 0.0
-0.101648449324 2.18252464443 0.0
-2.81816654748 -2.46975424716 0.0
0.130263405692 1.04447339931 0.0
6.20950640756 -3.29344628306 0.0
0.63581756808 0.853368598147 0.0
4.16301597371 -3.24153705272 0.0
2.52483444842 1.351316214 0.0
0.0707976056796 -0.686056951331 0.0
1.45136462777 -5.98279485971 0.0
0.92806241252 -0.25993282308 0.0
0.0601090711539 -5.09528103432 0.0
2.60837916906 -0.450674528584 0.0
4.90005720492 2.06552531714 0.0
-0.692181566106 -0.403812848913 0.0
3.8692859236 2.06775266978 0.0
