equilater2_T=20.0
30
1 1 1 1 1 1 1 1 1 1 1 1 1 1 1 1 1 1 1 1 1 1 1 1 1 1 1 1 1 1
3.0 3.73205080757 0.0
4.0 3.73205080757 0.0
5.0 3.73205080757 0.0
6.0 3.73205080757 0.0
7.0 3.73205080757 0.0
3.0 5.46410161514 0.0
4.0 5.46410161514 0.0
5.0 5.46410161514 0.0
6.0 5.46410161514 0.0
7.0 5.46410161514 0.0
3.0 7.19615242271 0.0
4.0 7.19615242271 0.0
5.0 7.19615242271 0.0
6.0 7.19615242271 0.0
7.0 7.19615242271 0.0
3.5 4.59807621135 0.0
4.5 4.59807621135 0.0
5.5 4.59807621135 0.0
6.5 4.59807621135 0.0
7.5 4.59807621135 0.0
3.5 6.33012701892 0.0
4.5 6.33012701892 0.0
5.5 6.33012701892 0.0
6.5 6.33012701892 0.0
7.5 6.33012701892 0.0
3.5 8.06217782649 0.0
4.5 8.06217782649 0.0
5.5 8.06217782649 0.0
6.5 8.06217782649 0.0
7.5 8.06217782649 0.0
-1.92202760444 7.25987641617 0.0
-2.8758990797 -2.9690310838 0.0
1.59615261763 -6.96668330616 0.0
-0.973046170305 -5.59820779819 0.0
-5.60544981896 -6.15725197884 0.0
-3.16707460709 0.427751379578 0.0
0.234269266868 -8.04573507518 0.0
3.39265072115 -2.51148486778 0.0
0.364626150996 3.54066453707 0.0
7.33886892611 4.6892744519 0.0
0.696352784779 3.72495422575 0.0
-1.97360154077 3.95312037595 0.0
-1.29804965071 6.4158572169 0.0
-1.49979702506 4.96658408497 0.0
-3.05165380948 1.22611326795 0.0
-2.39430631216 3.97936280418 0.0
9.28345704228 -1.25770663232 0.0
-1.38892866227 4.89126057902 0.0
-6.59056250992 10.2832532686 0.0
-2.26275401845 -1.24527601019 0.0
-5.83571068244 -1.08880033229 0.0
-1.56781671508 -0.170172047064 0.0
4.84171135314 2.11266863504 0.0
2.85908464681 2.48406573754 0.0
3.45139221749 -3.36388980148 0.0
5.62516641432 -3.57860414506 0.0
-5.07032250726 -2.29432304841 0.0
2.03444843951 -4.76298175612 0.0
-0.142659964264 -7.01072968596 0.0
2.30324819225 -2.42797626627 0.0
