quadricula_T=0.44
16
1 1 1 1 1 1 1 1 1 1 1 1 1 1 1 1
11.4 9.0 0.0
11.4 10.1224620483 0.0
11.4 11.2449240966 0.0
11.4 12.3673861449 0.0
12.5224620483 9.0 0.0
12.5224620483 10.1224620483 0.0
12.5224620483 11.2449240966 0.0
12.5224620483 12.3673861449 0.0
13.6449240966 9.0 0.0
13.6449240966 10.1224620483 0.0
13.6449240966 11.2449240966 0.0
13.6449240966 12.3673861449 0.0
14.7673861449 9.0 0.0
14.7673861449 10.1224620483 0.0
14.7673861449 11.2449240966 0.0
14.7673861449 12.3673861449 0.0
0.792560458854 -0.956948987461 0.0
0.556463430781 -0.432622605783 0.0
-0.423818310279 0.729630962339 0.0
-0.482510673221 -0.438720713996 0.0
0.391550368243 0.0422896413533 0.0
-0.848740859177 0.718230083173 0.0
-0.370138858059 -1.12939359334 0.0
-0.750940437094 -0.122751319534 0.0
0.629261517563 -1.10807512253 0.0
-0.762021962395 0.581904742492 0.0
1.80038044942 -0.23012435264 0.0
-0.642021790597 -0.126633290185 0.0
-0.55561494745 0.285294076014 0.0
-0.0426243629051 0.871584948049 0.0
0.71874794657 -0.109120442786 0.0
-0.292917329903 0.022081413405 0.0
